ID,英文名稱,中文名稱,圖片,更新日期
300428,HYDROZOA,水螅綱,,2012-11-26
300429,3β-hydroxysteroid sulfotrasferase,3β-羥酯轉磺酶,,2012-11-26
300430,20α-hydroxysteroid oxidoreductase,20α-羥酯氧化還原酶,,2012-11-26
300431,17β-hydroxysteroid oxidoreductase,17β-羥酯氧化還原酶,,2012-11-26
300432,hydroxysteroid oxidoreductase,羥酯氧化還原酶,,2012-11-26
300433,hydroxyproline oxidase,羥脯胺酸氧化酶,,2012-11-26
300434,hydroxyproline,羥脯胺酸,,2012-11-26
300435,hydroxyprogesterone caproate,羥孕酮巳酯,,2012-11-26
300436,hydroxyphenylpyruvic acid,P-羥苯酮丙酸,,2012-11-26
300437,hydroxymethylfurfural,羥甲基呋喃醛,,2012-11-26
300438,5-hydroxymethycytosine,5-羥甲基胞嘧啶,,2012-11-26
300439,hydroxyl group,氫氧基,,2012-11-26
300440,β-hydroxylase,β羥化酶,,2012-11-26
300441,3-hydroxy-7-ketochol amic acid,3-羥-7酮膽汁液,,2012-11-26
300442,β-hydroxy-glutamic acid,β羥基麩酸,,2012-11-26
300443,hydroxycobalamin,羥基鈷胺；維生素B12,,2012-11-26
300444,β-hydroxybutyric acid,β羥基丁酸,,2012-11-26
300445,hydroxyapatite,羥磷石灰,,2012-11-26
300446,hydroxide ion,羥離子,,2012-11-26
300447,hydrotropism,向水性,,2012-11-26
300448,hydrothermal vent,深海熱泉,,2012-11-26
300449,hydrotheca,水螅鞘,,2012-11-26
300450,hydrotaxis,趨水性,,2012-11-26
300451,hydrostatic skeleton,靜水骨骼,,2012-11-26
300452,hydrostatic pressure,靜水壓,,2012-11-26
300453,hydrostatic organ,水壓器官,,2012-11-26
300454,hydrosphere,水圈,,2012-11-26
300455,Hydrosaurus ambionensis,帆脊蜥,,2020-03-09
300456,hydrorhiza,共根；螅根,,2012-11-26
300457,hydroquinone; dihydroxoybenzene,氫醌,,2012-11-26
300458,hydroquinine,氫化奎寧,,2012-11-26
300459,HYDROPTILIDAE,姬石蠶科,,2012-11-26
300460,Hydropotes inermis ,中國獐鹿,,2012-11-26
300461,HYDROPSYCHIDAE,縞石蠶科,,2012-11-26
300462,Hydropotes ,獐鹿（屬）,,2012-11-26
300463,hydropolyp; hydroid polyp,水螅型芽體；水螅多足體,,2012-11-26
300464,hydropic degeneration,水腫變性,,2012-11-26
300465,hydrophobic,厭水的,,2012-11-26
300466,hydrophobic interaction,厭水互動,,2012-11-26
300467,hydrophobia,恐水病；狂犬病,,2012-11-26
300468,Hydrophis spiralis ,環帶海蛇,,2012-11-26
300469,Hydrophis ornatus ,麗斑海蛇,,2012-11-26
300470,Hydrophis melanocephalus ,黑頭海蛇,,2012-11-26
300471,Hydrophis godeffroyi ,麗斑海蛇,,2012-11-26
300472,Hydrophis cyanocinctus ,青環海蛇,,2012-11-26
300473,Hydrophis ,海蛇（屬）,,2012-11-26
300474,hydrophilous,親水性,,2012-11-26
300475,HYDROPHILIDAE,牙蟲科,,2012-11-26
300476,hydrophilic molecules,親水分子,,2012-11-26
300477,hydrophilic,親水的,,2012-11-26
300478,HYDROPHIINAE,普通海蛇亞目,,2012-11-26
300479,HYDROPHIIDAE,海蛇科,,2012-11-26
300480,Hydrophasianus chirurgus ,水雉,,2012-11-26
300481,Hydromys chrysogaster ,金腹水鼠,,2012-11-26
300482,Hydromys ,澳洲水鼠（屬）,,2012-11-26
300483,HYDROMETRIDAE,絲水黽科,,2012-11-26
300484,hydromethylglutaric acid,羥甲基戊二酸,,2012-11-26
300485,hydromedusa,水螅水母,,2012-11-26
300486,hydrolytic enzymes,水解酶,,2012-11-26
300487,hydrolysis reaction,水解反應,,2012-11-26
300488,hydrolysis,水解作用,,2012-11-26
300489,HYDROIDA,水螅目,,2012-11-26
300490,hydrolase,水解酶,,2012-11-26
300491,hydroid,水螅型,,2012-11-26
300492,hydrogenation,氫化作用,,2012-11-26
300493,hydrogen transfer,氫轉移,,2012-11-26
300494,hydrogen sulfide,硫化氫,,2012-11-26
300495,hydrogen peroxide hydrogen peroxidetest,過氧化氫,,2012-11-26
300496,hydrogen peroxidase,過氧化氫酶,,2012-11-26
300497,hydrogen ion concentration,氫離子濃度,,2012-11-26
300498,hydrogen donor,供氫體,,2012-11-26
300499,hydrogen cyanide,氫化氰；氫氟酸,,2012-11-26
300500,hydrogen carriers,氫載體,,2012-11-26
300501,hydrogen bond,氫鍵,,2012-11-26
300502,hydrogen acceptor,氫受體,,2012-11-26
300503,hydrogen,氫,,2012-11-26
300504,hydrofluoric acid,氟化氫；氫氟酸,,2012-11-26
300505,Hydrodamalis gigas ,史特拉海牛,,2012-11-26
300506,Hydrocynus ,水狗鮭鯉（屬）,,2012-11-26
300507,hydrocortisone,氫皮（質）酮,,2012-11-26
300508,hydrocorticosterone,羥基腎上腺皮質酮,,2012-11-26
300509,hydrocole,水棲的,,2012-11-26
300510,hydrocoel,水管系,,2012-11-26
300511,hydrochloric acid,鹽酸,,2012-11-26
300512,Hydrochaeris hydrochaeris ,水豚,,2012-11-26
300513,Hydrochaeris ,水豚（屬）,,2012-11-26
300514,HYDROCHAERIDAE,水豚科,,2012-11-26
300515,hydrocephalus,水腦,,2012-11-26
300516,hydrocaulis,水螅共肉莖,,2012-11-26
300517,hydrocarbons,烴；碳氫化合物,,2012-11-26
300518,hydrobiolody,水生生物學,,2012-11-26
300519,hydrobilirubin; stercobilin,氫基膽紅素,,2012-11-26
300520,HYDROBATIDAE,海燕科,,2012-11-26
300521,hydride ions,氫化物離子,,2012-11-26
300522,hydrencephal ocele,水腫性；腦膨出,,2012-11-26
300523,Hydrellia sasakii  Yuasa et Ishitani,稻心蠅,,2012-11-26
300524,hydrelatic,液流促進作用的,,2012-11-26
300525,hydrazine,胼聯胺,,2012-11-26
300526,hydraulic mechanism,水壓機制,,2012-11-26
300527,hydratuba; scyphistoma; scyphula,盃狀紡體；盃狀體,,2012-11-26
300528,hydration,水合作用；加水作用,,2012-11-26
300529,hydrase,水化酶；加水酶,,2012-11-26
300530,hydranth,營養個蟲；營養個員；水螅體,,2012-11-26
300531,hydramnion,羊膜充水；羊膜積水,,2012-11-26
300532,hydradenoma,汗腺瘤,,2012-11-26
300533,HYDRACHNIDAE,水壁蝨科,,2012-11-26
300534,hydra,水螅,,2012-11-26
300535,HYDATINIDAE,水囊螺科,,2012-11-26
300536,hydatidiform mole,水囊狀胎塊,,2012-11-26
300537,hydatidiform; hydatiform,水囊狀的,,2012-11-26
300538,hydatides terminales; hydatids of Morgagni; appeudix vesiculosis,囊狀附件,,2012-11-26
300539,hydathode,水孔；排水器,,2012-11-26
300540,hybridoma,雜種瘤,,2012-11-26
300541,hybridization,雜交作用,,2012-11-26
300542,hybridism,雜種狀；雜種性,,2012-11-26
300543,hybrid vigor,雜種優勢,,2012-11-26
300544,hybrid theory,雜交說,,2012-11-26
300545,hybrid sterility,雜種不孕,,2012-11-26
300546,hybrid inviability,雜種不活性,,2012-11-26
300547,hybrid incapacitation,雜種（生存；生殖）無能,,2012-11-26
300548,hybrid cline,雜種漸變群,,2012-11-26
300549,hybrid breakdown,雜種衰落,,2012-11-26
300550,hybrid,雜種,,2012-11-26
300551,HYBODONTIFORMES,弓鮫目（化石）,,2012-11-26
300552,HYBODONTIDAE,弓鮫科（化石）,,2012-11-26
300553,hyaluronidase,玻尿酸酶,,2012-11-26
300554,hyaluronic acid,透明質酸；玻糖醛酸,,2012-11-26
300555,HYALOSPONGIAE,玻璃海綿綱,,2012-11-26
300556,Hyalopterus pruni  (Geoffroy),桃大尾蚜,,2012-11-26
300557,hyaloplasm; hyaloplasma,透明質；玻璃原質,,2012-11-26
300558,hyalomere,明區,,2012-11-26
300559,hyaloid membrane,透明膜,,2012-11-26
300560,hyaloid gossa,透明窩,,2012-11-26
300561,hyaloid canal,透明管,,2012-11-26
300562,hyaloid artery,透明動脈,,2012-11-26
300563,hyaline cartilage,透明軟骨,,2012-11-26
300564,HYAENODONTIA,肉齒獸亞目,,2012-11-26
300565,Hyaenodon ,肉齒獸（屬）,,2012-11-26
300566,HYAENIDAE,鬛狗科,,2012-11-26
300568,H-Y antigen,H-Y抗原,,2012-11-26
300569,Hyaena brunnea ,棕鬛狗,,2012-11-26
300570,Hwa-Mei,晝眉,,2012-11-26
300571,Huso dauricus ,鰉,,2012-11-26
300572,Huxley's layer,赫胥黎氏層；毛囊內根鞘之一層,,2012-11-26
300573,Hurria rhynchops ,水蛇,,2012-11-26
300574,Hurthle cell adenoma,何氏細胞腺瘤,,2012-11-26
300575,hurmal scute,肱盾,,2012-11-26
300576,hurmal plate,肱板,,2012-11-26
300577,hurmal lobe,肩瓣,,2012-11-26
300578,Huntington's chorea,漢廷頓氏舞蹈病,,2012-11-26
300579,huntering-gathering,打獵-採集,,2012-11-26
300580,hunger; in world population,饑荒;世界人口,,2012-11-26
300581,Hundred-pace Snake; Deinagkistrodon acutus ,百步蛇,,2012-11-26
300582,humus,腐殖質,,2012-11-26
300583,humpback whale,大翅鯨,,2012-11-26
300584,humoral theory,體液免疫說,,2012-11-26
300585,hump,駝峰,,2012-11-26
300586,humoral immunity,體液免疫,,2012-11-26
300587,humoral endorphin,體溢性腦啡,,2012-11-26
300588,humor vitreus; vitreous humor,玻璃狀體液；透明液,,2012-11-26
300589,humor aqueus; aqueous humor,水狀液,,2012-11-26
300590,humor,體液,,2012-11-26
300591,Hummingbird,蜂鳥,,2012-11-26
300592,humidity,濕度,,2012-11-26
300593,humicolous,土棲性,,2012-11-26
300594,humic acid; hurnin,腐黑酸,,2012-11-26
300595,humerus,肱骨,,2012-11-26
300596,humerals; teriaries,肱羽；三級飛羽,,2012-11-26
300597,humeral suture,切離線,,2012-11-26
300598,humeral cross-vein,肱橫脈,,2012-11-26
300599,humeral articular surface,肱關節面,,2012-11-26
300600,humeral,肱；肩,,2012-11-26
300601,human population,人口,,2012-11-26
300602,human menopause gonadotropin (HMG),人停經性促素,,2012-11-26
300603,human leukocyte antigen (HLA),人白血球抗原,,2012-11-26
300604,human immunodeficiency virus (HIV),人類免疫缺乏病毒,,2012-11-26
300605,human growth hormone,人類生長激素,,2012-11-26
300606,human evolution,人類演化（進化）,,2012-11-26
300607,human chorionic somato-mammotropin,人絨膜體乳促素,,2012-11-26
300608,human chorionic gonadotropin,人絨毛膜促性腺激素,,2012-11-26
300609,human behavior,人類行為,,2012-11-26
300610,Huechys sanguinea (de Geer),齒黑蟬,,2012-11-26
300611,huchen,哲羅鮭,,2012-11-26
300612,Hsueshan Grass Lizard; Takydromus hsuehshanesis ,雪山草蜥,,2012-11-26
300613,Hp GRF,人類生長荷爾蒙釋放因子,,2012-11-26
300614,howling monkey,喉猴,,2012-11-26
300615,household entomology,家居昆蟲學,,2012-11-26
300616,House Swift,小雨燕,,2012-11-26
300617,house rat,家鼠,,2012-11-26
300618,House Martin,毛腳燕,,2012-11-26
300619,house fly,家蠅,,2012-11-26
300620,hourglass stomach,葫蘆胃,,2012-11-26
300621,hot flushes,熱潮紅,,2012-11-26
300622,host resistance,寄主抵抗性,,2012-11-26
300623,host and parasites,宿主及寄生蟲,,2012-11-26
300624,host,寄主；宿主,,2012-11-26
300625,horticulture,園藝學,,2012-11-26
300626,Horsfield's Ground Thrush,小虎斑地鶇,,2012-11-26
300627,horseshoe kidney,馬蹄形腎臟,,2012-11-26
300628,horseshoe crabs,鱟類,,2012-11-26
300629,horseshoe bats,蹄鼻蝙蝠,,2012-11-26
300630,horsehair worms,鐵線蟲,,2012-11-26
300631,horseflies,牛虻,,2012-11-26
300632,horny sheath,角質鞘,,2012-11-26
300633,horny scale,角質鱗,,2012-11-26
300634,horny plate,角質板,,2012-11-26
300635,horny pharyngeal teeth,角質咽齒,,2012-11-26
300636,horny layer,角質層,,2012-11-26
300637,Horned Viper,角蝰,,2020-03-13
300638,horned lizard,角蜥,,2012-11-26
300639,Hornbill,犀鳥,,2012-11-26
300640,horn-like process,角狀突起,,2012-11-26
300641,horn of uterus; cornus uteri,子宮角,,2012-11-26
300642,horn core,角軸,,2012-11-26
300643,hormonegenesis; hormonopoiesis,激素形成,,2012-11-26
300644,hormonegen,激素原,,2012-11-26
300645,hormone-sensitive lipase,激素敏感（性）脂酶,,2012-11-26
300646,hormone-mediated enzyme induction,激素酶誘導（發）,,2012-11-26
300647,hormone pulse generator,性釋素脈生器,,2012-11-26
300648,hormone,激素；荷爾蒙,,2012-11-26
300649,horizontal skeletogenous septum; horizontal  septum,水平隔肌；骨質隔肌,,2012-11-26
300650,horizontal semicircular canal,外半規管,,2012-11-26
300651,horizontal portion,水平部,,2012-11-26
300652,horizontal distribution,水平分佈,,2012-11-26
300653,horizontal cell,水平細胞,,2012-11-26
300654,horizontal canal,外半規管,,2012-11-26
300655,Horikawa's brown bat,崛川氏蝙蝠,,2012-11-26
300656,hordein,大麥蛋白,,2012-11-26
300657,HORAICHTHYIDAE,霍豪拉鱂科,,2012-11-26
300658,Hoplostethus mediterraneus ,燧鯛,,2012-11-26
300659,HOPLONEMERTINI,針鈕目,,2012-11-26
300660,Hoplostethus atlanticus ,大西洋胸棘鯛,,2012-11-26
300661,HOPLOCARIDA,針蝦組,,2012-11-26
300662,Hoplichthys regani ,雷根氏針鯒,,2012-11-26
300663,Hoplichthys langsdorfii ,蘭道爾福氏針鯒,,2012-11-26
300664,Hoplichthys gilberti ,吉貝特針鯒,,2012-11-26
300665,HOPLICHTHYIDAE,棘鯒科,,2012-11-26
300666,Hoopoe,戴勝,,2012-11-26
300667,hookworm,鉤蟲,,2012-11-26
300668,hooklets,小鉤,,2012-11-26
300669,hooked hair,鉤毛,,2012-11-26
300670,hooked bone; hamate; uniform bone,鉤骨,,2012-11-26
300671,hook joint,髁關節,,2012-11-26
300672,hoof-and-mouth disease,口蹄疫,,2012-11-26
300674,hood,垂片,,2012-11-26
300675,Hong Kong Dwarf Snake,鈍尾兩頭蛇,,2020-03-19
300676,honeysac,蜜囊,,2012-11-26
300677,Honeyguide,蜜鴷,,2012-11-26
300678,honeycomb; reticulum,蜂巢胃,,2012-11-26
300679,honey bee,蜜蜂,,2012-11-26
300680,homunculus,雛形人,,2012-11-26
300681,homozygous alleles,同型接合對偶基因,,2012-11-26
300682,homozygous,同型接合的,,2012-11-26
300683,homozygote,同基因合子,,2012-11-26
300684,homozygosity,同型接合性,,2012-11-26
300685,homotypy,同規體節,,2012-11-26
300686,homotypic division,同規（前後連續）分裂,,2012-11-26
300687,homotype,兩側同型；同模標本,,2012-11-26
300688,homotransplantation,同種移植,,2020-03-19
300689,homothallic organism,同宗配合生物,,2012-11-26
300690,homosynapsis,同型（染色體）聯會,,2012-11-26
300691,homospory,同形孢子,,2012-11-26
300692,homosexuality,同性戀,,2012-11-26
300693,homoserine,類絲胺酸,,2012-11-26
300694,HOMOPTERA,同翅目,,2012-11-26
300695,homoplasy,同塑形質,,2012-11-26
300696,homoplastic transplantation,同種移植,,2020-03-19
300697,Homopholis boivini,馬達加斯加同鱗虎,,2020-03-13
300698,homonomous metamerism,同型體節,,2012-11-26
300699,HOMONEURA,翅垂亞目,,2012-11-26
300700,homonomous; homonomic,同規的；同型的,,2012-11-26
300701,Homona coffearia  Meyrick; Homona magnanima  Diakonoff; Homona menciana  Walker,茶捲葉蛾,,2012-11-26
300702,homomorphosm,同型變態；半代謝,,2012-11-26
300703,homomorph,同形變態,,2012-11-26
300704,homology,同源現象,,2012-11-26
300705,homologues (homologous chromosome),同源染色體,,2012-11-26
300706,homologue,同源器官,,2012-11-26
300707,homologous tumors,同種腫瘤,,2012-11-26
300708,homologous structure,同源構造,,2012-11-26
300709,homologous proteins,同源蛋白質,,2012-11-26
300710,homologous chromosomes,同源染色體,,2012-11-26
300711,homolecithal egg,均黃卵,,2020-03-09
300712,homoiotherm,定溫,,2012-11-26
300713,homogonium,類原始生殖細胞,,2012-11-26
300714,homogentisic acid,尿黑酸,,2012-11-26
300715,homogentisate,尿黑酸,,2012-11-26
300716,homogenetic,同源的,,2012-11-26
300717,homogeneous,同型的,,2012-11-26
300718,homogamy,同配生殖,,2012-11-26
300719,homogamete,同型配子,,2012-11-26
300720,Homoesaurus ,清龍（屬）,,2012-11-26
300721,homoequiline,類雌馬性素酮,,2012-11-26
300722,homodont,同型齒,,2012-11-26
300723,homocysteine,升半胱胺酸,,2016-09-21
300724,HOMOCOELA,同腔目,,2012-11-26
300725,homocercal tail,正型尾,,2012-11-26
300726,Homo sapiens sapiens ,現代人,,2012-11-26
300727,Homo sapiens ,智慧人,,2012-11-26
300728,Homo habilis ,巧人,,2012-11-26
300729,Homo erectus ,直立猿人,,2012-11-26
300730,Homo ,人（屬）,,2012-11-26
300731,hominoid,似人類的,,2012-11-26
300732,HOMINIDAE,人科,,2012-11-26
300733,hominid,人類及其祖先,,2012-11-26
300734,homeotherm,恆溫動物,,2012-11-26
300735,homeostatic mechanisms,體內恆定機制,,2012-11-26
300736,homeostasis,體內恆定,,2012-11-26
300737,homeokinesis,等核質分裂,,2012-11-26
300738,home range,生活圈,,2012-11-26
300739,HOMALOPTERIDAE,平鰭鰍科,,2012-11-26
300740,HOMALOPSINAE,水遊蛇亞目,,2012-11-26
300741,Homalodotherium ,有爪之南蹄獸（屬）,,2012-11-26
300742,holozoic nutrition,全動物營養,,2012-11-26
300743,holozoic,全動物營養的,,2012-11-26
300744,holotype,正模式標本,,2012-11-26
300745,Holotrichia sinensis  Hope,台灣黑金龜,,2012-11-26
300746,Holotrichia horishana  Niijimaet Kinoshita,埔里黑金龜,,2012-11-26
300747,Holotrichia formosana  Moser,台灣栗色金龜,,2012-11-26
300748,HOLOTRICHA,全毛目,,2012-11-26
300749,HOLOTHUROIDEA,海參綱,,2012-11-26
300750,Holotrachys ,全粗鰃（屬）,,2012-11-26
300751,holostyly,全接型；獨接柱,,2012-11-26
300752,holostomatous,全緣口型；全口型,,2012-11-26
300753,HOLOSTEI,全骨下網,,2012-11-26
300754,Holosteans,全骨魚類,,2012-11-26
300755,holorhinal,全緣鼻型；全鼻型,,2012-11-26
300756,HOLOPTYCHIIFORMES,全褶魚目,,2012-11-26
300757,HOLOPTYCHIIDAE,全褶魚科,,2012-11-26
300758,HOLOPTYCHIIDA,全褶目,,2012-11-26
300759,holopneustic type,全開氣門型,,2012-11-26
300760,holoplankton,全浮游性生物,,2012-11-26
300761,holophytic nutrition,全植物性營養,,2012-11-26
300762,holonephros,全腎,,2012-11-26
300763,HOLOMETABOLA,完全變態；全變態類,,2012-11-26
300764,Hologymnosus semidiscus ,細鱗鸚鯛,,2012-11-26
300765,hologenesis,預定發生；循規演化,,2020-03-19
300766,hologamy,整體配子接合；大配子接合,,2020-03-09
300767,holoepipelagic,終生大洋表層性的,,2012-11-26
300768,holoenzyme,全酶；全酵素,,2012-11-26
300769,HOLODIPTERIFORMES,全雙翼魚目,,2012-11-26
300770,holocrine gland,全泌性腺,,2012-11-26
300771,HOLOCEPHALIMORPHA,全頭總目,,2012-11-26
300772,HOLOCEPHALI,全頭亞綱,,2012-11-26
300773,Holocentrus ,模鰃（屬）,,2012-11-26
300774,HOLOCENTRIDAE,鰃科,,2012-11-26
300775,Holocanthus venustus ,仙女蓋刺魚,,2012-11-26
300776,holobranch,全鰓,,2012-11-26
300777,holoblastic egg,全裂卵；全割卵,,2012-11-26
300778,holoblastic cleavage,全裂；全割,,2012-11-26
300779,HOLOAXONIA,全軸亞目,,2012-11-26
300780,hollow horn,虛角；洞角,,2012-11-26
300781,Hollariinae,霍拉德擬三刺魨亞科,,2012-11-26
300782,holdfast,固著器,,2012-11-26
300783,holcodont denition,溝齒系,,2012-11-26
300784,holcodont,溝齒,,2012-11-26
300785,holarctic region,全北區,,2012-11-26
300786,holarctic realm,全北界,,2012-11-26
300787,holarctic fauna,全北動物區,,2012-11-26
300788,Holarchus formosanus ,赤背松柏根,,2012-11-26
300789,holandric,限雄遺傳性,,2012-11-26
300790,Hodgson's Hawk-Eagle,熊鷹,,2012-11-26
300791,Hoatzins,麝雉,,2012-11-26
300792,HLA antigens,人體白血球抗原,,2012-11-26
300793,hives,蕁麻疹,,2012-11-26
300794,Histrio histrio ,花疼,,2012-11-26
300795,histozyme; hippuricase,馬尿酸酶,,2012-11-26
300796,histozoic,組織內寄生原蟲,,2012-11-26
300797,Histoplasma capsulatum ,莢膜組織胞漿菌,,2012-11-26
300798,Histoplasma ,組織胞漿菌（屬）,,2012-11-26
300799,histophysiology,組織生理學,,2012-11-26
300800,histophyly,組織演化史,,2012-11-26
300801,histone,組織蛋白,,2012-11-26
300802,histomorphology,組織形態學,,2012-11-26
300803,histometabasis,化石化組織,,2012-11-26
300804,histolysis,組織溶解,,2012-11-26
300805,histology,組織學,,2012-11-26
300806,histolisin,組織溶解素,,2012-11-26
300807,histogenous,組織發生,,2012-11-26
300808,histogenesis,組織形成,,2012-11-26
300809,histocyte,組織細胞,,2012-11-26
300810,histocompatibility antigens,組織相容性抗原,,2012-11-26
300811,histochemistry,組織化學,,2012-11-26
300812,histoblast,組織原細胞；組織單位,,2012-11-26
300813,histoautoradiography,組織放射自顯影術,,2012-11-26
300814,Histiopterus typus ,旗鯛,,2012-11-26
300815,HISTIOPTERIDAE,帆鰭魚科,,2012-11-26
300816,Histiophyrne bougainvilli ,鮑琴氏疼,,2012-11-26
300817,HISTIOPHORIDAE,旗魚科,,2012-11-26
300818,histiocytosis,組織球病,,2012-11-26
300819,histiocyte,組織母細胞；內網細胞,,2012-11-26
300820,histidine,組氨酸,,2012-11-26
300821,HISTERIDAE,閻魔蟲科,,2012-11-26
300822,histamine,組織胺,,2012-11-26
300823,Hirundo rustica ,家燕,,2012-11-26
300824,HIRUNDINIDAE,燕科,,2012-11-26
300825,Hirundichthys speculiger ,細身飛魚,,2012-11-26
300826,Hirundichthys oxycephalus ,尖頭飛魚,,2012-11-26
300827,HIRUDINEA,蛭綱,,2012-11-26
300828,hirudin,水蛭素,,2012-11-26
300829,hirsutism,多毛症,,2012-11-26
300830,hirsute,毛狀羽被,,2012-11-26
300831,hirci,腋毛,,2012-11-26
300832,hippuricase,馬尿酸酶,,2012-11-26
300833,hippuric acid,馬尿酸,,2012-11-26
300834,Hippotragus niger variani ,大黑馬羚,,2012-11-26
300835,Hippotragus equinus ,褐馬羚,,2012-11-26
300836,Hippotragus ,馬羚（屬）,,2012-11-26
300837,Hipposideros bicolor fulvus ,二色葉鼻蝠,,2012-11-26
300838,Hipposideros armiger terasensis ,台灣葉鼻蝠,,2012-11-26
300839,Hipposideros armiger ,東南亞蹄蝠,,2012-11-26
300840,Hipposideros ,葉鼻蝠（屬）,,2012-11-26
300841,HIPPOSIDERIDAE,葉鼻蝠科,,2012-11-26
300842,Hippopotamus amphibius ,河馬,,2012-11-26
300843,Hippopotamus ,河馬（屬）,,2012-11-26
300844,HIPPOPOTAMIDAE,河馬科,,2012-11-26
300845,HIPPONICOIDEA,兜螺超科,,2012-11-26
300846,HIPPONICIDAE,兜螺科,,2012-11-26
300847,HIPPOMORPHA,馬亞形目,,2012-11-26
300848,hippology,馬學,,2012-11-26
300849,hippocrepiform,馬蹄形,,2012-11-26
300850,Hippocampus trimaculatus ,三斑海馬,,2012-11-26
300851,Hippocampus kuda ,庫達海馬,,2012-11-26
300852,Hippocampus hystrix ,長棘海馬,,2012-11-26
300853,Hippocamelus bisukus ,智利駝鹿,,2012-11-26
300854,Hippocamelus antisensis ,秘魯駝鹿,,2012-11-26
300855,hippocampal lobe,海馬葉,,2012-11-26
300856,hippocampal horn,海馬角,,2012-11-26
300857,hippocampal fissure,海馬溝,,2012-11-26
300858,hippocampal cortex,海馬皮層,,2012-11-26
300859,hippocampal commissure,海馬連會,,2012-11-26
300860,HIPPOBOSCIDAE,蝨蠅科,,2012-11-26
300861,Hipparion ,古駑；三趾馬（屬）,,2012-11-26
300862,hip joint,髀關節,,2012-11-26
300863,hip,髀,,2012-11-26
300864,hip bone,髀骨,,2012-11-26
300865,HIOMT (hydroxyindole-O-Methyl trasferase),羥氧吲哚-甲基轉移酶,,2012-11-26
300866,hinny,駃騠；騾子,,2012-11-26
300867,hinge tooth,絞合齒,,2012-11-26
300868,hinge line,樞線,,2012-11-26
300869,hinge,絞合；樞紐,,2012-11-26
300870,hing ligament,絞合韌帶,,2012-11-26
300871,hing joint,絞合關節；樞紐關節,,2012-11-26
300872,hindbrain,後腦,,2012-11-26
300873,hind wings,後翅,,2012-11-26
300874,hind toe,後趾,,2012-11-26
300875,hind limb bub,後肢芽,,2012-11-26
300876,hind limb,後肢,,2012-11-26
300877,hind leg,後腿,,2012-11-26
300878,hind gut; hind intestine,後腸；後食道,,2012-11-26
300879,hind,後,,2012-11-26
300880,Hime japonica ,仙女魚,,2012-11-26
300881,HIMANTOLOPHIDAE,疏棘鮟鱇科,,2012-11-26
300882,HIMANHTOLOPHIDAE,冠鞭躄魚科,,2012-11-26
300883,hilus,門（器官）,,2012-11-26
300884,hilum (hilus),心；核心,,2012-11-26
300885,Hilsa kelle ,中國鰣,,2012-11-26
300886,Hill reaction,希爾反應；光反應,,2012-11-26
300887,hilar cell,門細胞,,2012-11-26
300888,high-energy bonds of ATP,ATP的高能鍵,,2012-11-26
300889,high threshold of development,發育高溫閾,,2012-11-26
300890,high polymere,高級聚合物,,2012-11-26
300891,high blood pressure,高血壓,,2012-11-26
300892,Hieroglyphus annulicornis  (Shiraki),斑角蝗,,2012-11-26
300893,hierarchy; of animal societies,階層系統;動物社會,,2012-11-26
300894,hierarchy,階層,,2012-11-26
300895,hierarchial scheme,階層架構,,2012-11-26
300896,hidrosis,泌汗,,2012-11-26
300897,hibernation,冬眠,,2012-11-26
300898,hibernating gland,冬眠腺,,2012-11-26
300899,hibernaculum,冬芽體,,2012-11-26
300900,hiatus,隙；裂；孔；女陰,,2012-11-26
300901,HIATELLOIDEA,穴棲蛤超科；穿石蛤超科,,2012-11-26
300902,HIATELLIDAE,穴棲蛤科；穿石蛤科,,2012-11-26
300903,Hfr cells,高頻細胞,,2012-11-26
300904,Heymonsi's Narrow-mouthed Toad,黑蒙西式小雨蛙,,2020-03-09
300905,hexylresorcinol; capricol,乙酯間-二酚,,2012-11-26
300906,hexuronic acid; ascorbic acid,維生素C,,2012-11-26
300907,hexoses,己糖,,2012-11-26
300908,hexose phosphate,磷酸化己醣,,2012-11-26
300909,hexokinase,己醣致活酶,,2012-11-26
300910,hexicology; binomics; autecology,個體生態學,,2012-11-26
300911,HEXATRYGONIDAE,六鰓魟科,,2012-11-26
300912,HEXASTEROPHORA,六輻星目,,2012-11-26
300913,hexaster,六輻星體,,2012-11-26
300914,Hexaprotodon liberiensis ,侏儒河馬,,2012-11-26
300915,Hexaprotodon ,侏儒河馬（屬）,,2012-11-26
300916,HEXAPODA; INSECTA,六腳綱；昆蟲綱,,2012-11-26
300917,hexanoic acid,己酸；羊油酸,,2012-11-26
300918,HEXANCHIFORMES,六鰓鯊目,,2012-11-26
300919,HEXANCHIDAE,六鰓鯊科,,2012-11-26
300920,HEXAGRAMMIDAE,六線魚科,,2012-11-26
300921,HEXACTINELLIDA,六放海綿類,,2012-11-26
300922,hexacorallia,六輻珊瑚類,,2012-11-26
300923,heterphoria,隱斜視,,2012-11-26
300924,heterozygous alleles,異型接合對偶基因,,2012-11-26
300925,heterozygous,異質結合的,,2012-11-26
300926,heterozygote superiority,異型接合體優勢,,2012-11-26
300927,heterozygote advantage,異質結合體優勢,,2012-11-26
300928,heterozygote,異質結合體,,2012-11-26
300929,heterozygosity,異型接合性,,2012-11-26
300930,heterozygosis,異種接合,,2012-11-26
300931,heterotypical maturation division,異型成熟分裂；異熟分裂,,2012-11-26
300932,heterotypic division,異型分裂,,2012-11-26
300933,heterotropia,斜視,,2012-11-26
300934,heterotrophic bacteria,異營細菌；異養細菌,,2012-11-26
300935,heterotrophic,異營性（異養）,,2012-11-26
300936,heterotroph,異養生物,,2012-11-26
300937,HETEROTRICHA,異毛亞網,,2012-11-26
300938,heterotransplant,異種移植,,2012-11-26
300939,heterotopic tumors,異位性腫瘤,,2012-11-26
300940,heterotopic bone,異位骨,,2012-11-26
300941,heterotopic,異位的,,2012-11-26
300942,Heterotis ,異耳魚（屬）,,2012-11-26
300943,Heterotidinae,異耳魚亞科,,2012-11-26
300944,HETEROTHRIPIDAE,異薊馬科,,2012-11-26
300945,heterothallic,異宗配合的,,2012-11-26
300946,Heterostrophus ,異椎魚（屬）,,2012-11-26
300947,HETEROSTELEA,異柱綱,,2012-11-26
300948,HETEROSTRACI,異甲魚目,,2012-11-26
300949,heterosome,性染色體,,2012-11-26
300950,HETEROSOMATA,鰈形目；異體目,,2012-11-26
300951,heterosexual,異性的,,2012-11-26
300952,heterosis,雜種優勢,,2012-11-26
300953,heteropycnosis,性染色體異濃縮性,,2012-11-26
300954,HETEROPTERA,異翅亞目,,2012-11-26
300955,heteropsia,兩眼不等視,,2012-11-26
300956,heteropoda,異足類,,2012-11-26
300957,Heteropriacanthus cruentatus ,血斑大眼鯛,,2012-11-26
300958,HETEROPNEUSTIDAE,異囊鯰科,,2012-11-26
300959,Heteropneustes ,異囊鯰（屬）,,2012-11-26
300960,heteroploidy,異倍性（染色體）,,2012-11-26
300961,heteroplastic transplantation,異種組織移植,,2012-11-26
300962,heteroplanogametes,異型游走孢子,,2012-11-26
300963,heteropic chromosome,異光染色體,,2012-11-26
300964,Heterophotus ,異光魚（屬）,,2012-11-26
300965,HETEROPHOTODERMI,異光皮魚亞目,,2012-11-26
300966,heterophil; heterophile; heterophilous,異嗜的,,2012-11-26
300967,heterophil antibody,異嗜型抗體,,2012-11-26
300968,Heterophasia auricularis ,白耳晝眉,,2012-11-26
300969,heteronomous metamerism,異型體節,,2012-11-26
300970,heteronomous,異規的,,2012-11-26
300971,HETERONEURA,異脈亞目,,2012-11-26
300972,HETERONEMERTINI,異紐目,,2012-11-26
300973,Heteronarce ,異雙鰭電鰩（屬）,,2012-11-26
300974,HETEROMYRIDAE,異油鱔科,,2012-11-26
300975,heteromyarian,異肌型,,2012-11-26
300976,HETEROMYIDAE,小囊鼠科,,2012-11-26
300977,heteromorphosis,畸形,,2012-11-26
300978,heteromorphic generations,異型時代,,2012-11-26
300979,HETEROMI,異肩目,,2012-11-26
300980,heteromorphic,異型的,,2012-11-26
300981,heterometaboly; heterometabola,不全變態,,2012-11-26
300982,heterokaryon,異核體,,2012-11-26
300983,heterograft,異型嫁接,,2012-11-26
300984,heterogenesis; heterogamy,異態世代交替；世代交替,,2012-11-26
300985,heterogeneous nuclear RNA (hnRNA),異質核RNA,,2012-11-26
300986,heterogeneous,異質的,,2012-11-26
300987,HETEROGENEIDAE,刺蛾科,,2012-11-26
300988,HETEROGASTROPODA,異腹足亞目,,2012-11-26
300989,heterogamy,異配生殖,,2012-11-26
300990,heterogamous sexual reproduction,異形配子生殖,,2012-11-26
300991,heterogamete; anisogamete,異形配子,,2012-11-26
300992,heteroecious parasitism,異主寄生,,2012-11-26
300993,Heterodontus zebra ,斑紋異齒鮫,,2012-11-26
300994,Heterodontus japonicus ,日本異齒鮫,,2012-11-26
300995,Heterodontus ,虎鯊（屬）,,2012-11-26
300996,Heterodontosaurus ,異齒龍（屬）,,2012-11-26
300997,HETERODONTIFORMES,虎鯊目,,2012-11-26
300998,HETERODONTIDAE,虎鯊科,,2012-11-26
300999,HETERODONTIDA; HETERODONTIFORMES,異齒鮫目,,2012-11-26
301000,HETERODONTA,異齒亞網,,2012-11-26
301001,heterodont,異齒形,,2012-11-26
301002,Heterodon nasicus,美西豬鼻蛇,,2020-03-19
301003,heterodactylous foot,異趾足,,2012-11-26
301004,heterocyst,異型細胞,,2012-11-26
301005,Heterocongrinae,異康吉鰻亞科,,2012-11-26
301006,Heteroconger ,異康吉鰻（屬）,,2012-11-26
301007,heterocoelous; heterocelons,鞍體椎；鞍形,,2012-11-26
301008,heterocoelous vertebrae,鞍形脊椎,,2012-11-26
301009,heterocoelous centrum,鞍形椎體,,2012-11-26
301010,HETEROCOELA,異腔目,,2012-11-26
301011,Heteroclinus ,異胎【魚+尉】（屬）,,2012-11-26
301012,heterochronia; heterochrony,異時發生；異時,,2012-11-26
301013,heterochromosome; allosome,異染色體,,2012-11-26
301014,heterochromatinization,異染色質化,,2012-11-26
301015,heterochromatin,異染色質,,2012-11-26
301016,HETEROCERIDAE,長泥蟲科,,2012-11-26
301017,heterocercal tail,歪形尾,,2012-11-26
301018,HETEROCERA,娥亞目,,2012-11-26
301019,Heterocephalus glaber ,裸隱鼠,,2012-11-26
301020,Heterocephalus ,裸隱鼠（屬）,,2012-11-26
301021,Heterobranchus ,異鰓胡鯰（屬）,,2012-11-26
301022,heteroauxin; indole acitic acid,異生長素；吲哚醋酸,,2012-11-26
301023,Heteristius ,異鰭鰧（屬）,,2012-11-26
301024,hetereostasis,不穩狀態,,2012-11-26
301025,HETERENCHELYIDAE,異鰻科,,2012-11-26
301026,Heterandria ,異雄鰧（屬）,,2012-11-26
301027,heteracanthous,異棘背鰭,,2012-11-26
301028,hessian fly,麥廮蠅,,2012-11-26
301029,Hesperosuchus ,槽齒類（屬）,,2012-11-26
301030,HESPERORNITHIFORMES,黃昏鳥目,,2012-11-26
301031,HESPERORNITHES,黃昏鳥目,,2012-11-26
301032,Hesperornis,黃昏鳥,,2012-11-26
301033,Hesperoherpeton garnettense ,串椎類（化石）,,2012-11-26
301034,HESPERIIDAE,弄蝶科,,2012-11-26
301035,Herring Gull,黑脊鷗,,2012-11-26
301036,herring,鯷；鯟,,2012-11-26
301037,HERPETOSPONDYLI,蜥椎,,2012-11-26
301038,herpetology,爬行動物學；兩生爬行動物學,,2012-11-26
301039,HERPESTIDAE,獴科,,2012-11-26
301040,Herpestes urva ,食蟹獴；棕蓑貓,,2012-11-26
301041,Herpestes ,獴（屬）,,2012-11-26
301042,herpes zoster,帶狀泡疹,,2012-11-26
301043,herpes virus,包疹病毒,,2012-11-26
301044,herpes simplex,單純泡疹,,2012-11-26
301045,herpes,泡疹,,2012-11-26
301046,Herpailurus yahouaroundi ,南美豹貓,,2012-11-26
301047,Heron,鷺鷥,,2012-11-26
301048,heroin,海洛因；二乙醯嗎啡,,2012-11-26
301049,hernia,疝氣,,2012-11-26
301050,hermatypic organism,造礁生物,,2012-11-26
301051,hermit crab sponges,寄居蟹海綿,,2012-11-26
301052,hermit crab,寄居蟹,,2012-11-26
301053,hermaphroditism,雌雄同體,,2012-11-26
301054,hermaphroditic gland,兩性腺,,2012-11-26
301055,hermaphroditic generation,雌雄同體世代,,2012-11-26
301056,hermaphroditic,雌雄同體的,,2012-11-26
301057,hermaphrodite,雌雄同體,,2012-11-26
301058,Herklotsichthys quadrimaculata ,斑青鱗魚,,2012-11-26
301059,heritability,有遺傳性,,2012-11-26
301060,heremetabola,後長變態,,2012-11-26
301061,heredity,遺傳,,2012-11-26
301062,hereditaty unit,遺傳單位,,2012-11-26
301063,hereditaty substance,遺傳質,,2012-11-26
301064,hereditaty instruction,遺傳訊號,,2012-11-26
301065,hereditaty immunity,先天性免疫,,2012-11-26
301066,hereditaty disease,遺傳性疾病,,2012-11-26
301067,hereditaty baldness,遺傳性禿頭,,2012-11-26
301068,hereditaty,遺傳的,,2012-11-26
301069,hereditary variation,遺傳性變異,,2012-11-26
301070,hereditary univalent,遺傳性單價體,,2012-11-26
301071,herbivorous,草食性的,,2012-11-26
301072,herbivore,食草動物,,2012-11-26
301073,herbicide,除草劑,,2012-11-26
301074,herbarium,植物標本館,,2012-11-26
301075,herbaceous,草本的,,2012-11-26
301076,heptoses,七碳糖；庚醣,,2012-11-26
301077,Heptodon ,貘之一屬（化石）,,2012-11-26
301078,heptaploid,七倍（染色體）體,,2012-11-26
301079,HEPSETIDAE,鰔鮭鯉科,,2012-11-26
301080,HEPIALIDAE,蝙蝠娥科,,2012-11-26
301081,Hephaestus ,火燒鯻（屬）,,2012-11-26
301082,hepatoscopy,肝檢查法,,2012-11-26
301083,hepatorenal ligament,肝腎韌帶,,2012-11-26
301084,hepatopancreas,肝胰臟,,2012-11-26
301085,hepatoma,肝癌,,2012-11-26
301086,hepatoduodenal ligament,肝指腸韌帶,,2012-11-26
301087,hepatocyte stimulating factor,肝細胞刺激因子,,2012-11-26
301088,hepatocirrhosis,肝硬化,,2012-11-26
301089,hepatitis infections,傳染性肝炎,,2012-11-26
301090,hepatitis,肝炎,,2012-11-26
301091,hepatin; glycogen,肝醣,,2012-11-26
301092,HEPATIDAE,粗皮鯛科,,2012-11-26
301093,hepatic vein,肝靜脈,,2012-11-26
301094,hepatic sinus,肝竇,,2012-11-26
301095,hepatic region,肝區,,2012-11-26
301096,hepatic portal system,肝門脈系,,2012-11-26
301097,hepatic portal vein,肝門靜脈,,2012-11-26
301098,hepatic plexus,肝神經叢,,2012-11-26
301099,hepatic necrosis,肝壞死,,2012-11-26
301100,hepatic jaundice,肝性黃疸,,2012-11-26
301101,hepatic duct,肝管,,2012-11-26
301102,hepatic distomiasis,華肝蛭病,,2012-11-26
301103,hepatic caecum,肝盲囊,,2012-11-26
301104,hepatic artery,肝動脈,,2012-11-26
301105,heparin,肝抗凝血素,,2012-11-26
301106,hepar; liver,肝臟,,2012-11-26
301107,Henson's knot; Henson's node; primitive knot,原結；亨生氏結,,2012-11-26
301108,Henosepilachna vigintioctopunctata  (Fabricius),茄二十八星瓢蟲；二十八星瓢蟲,,2012-11-26
301109,HENOPHIDIA,蚺蛇次亞目,,2012-11-26
301110,Henodus ,盾齒龍（屬）,,2012-11-26
301111,Henle's loop,亨耳氏套；細尿管之U字形部分,,2012-11-26
301112,Heniochus acuminatus ,白吻雙帶立旗鯛,,2012-11-26
301113,HENICOCEPHALIDAE,長頸椿象科,,2012-11-26
301114,hen louse,雞蝨,,2012-11-26
301115,hemostasia,止血,,2012-11-26
301116,hemorrhoids,痔瘡,,2012-11-26
301117,hemorrhage,出血,,2012-11-26
301118,Hemophilus ,嗜血桿菌（屬）,,2012-11-26
301119,hemophilia,血友病,,2012-11-26
301120,hemolysis,溶血,,2012-11-26
301121,hemoglobins,血紅素,,2012-11-26
301122,hemoglobinopathic disease,血紅素病變,,2012-11-26
301123,hemocytoblast; haemocytoblast,血球原細胞,,2012-11-26
301124,hemocyanin,血藍素；血青素,,2012-11-26
301125,hemocoele; haemocoele,血腔,,2012-11-26
301126,hemizygous genes,半合子基因,,2012-11-26
301127,hemizygote,半合子,,2012-11-26
301128,HEMIZONIDA,半帶目,,2012-11-26
301129,hemitroglobiotic,半穴居的,,2012-11-26
301130,Hemitriakis lutkei ,水針鱵,,2012-11-26
301131,Hemitheconyx caudicinctus,半爪虎,,2020-03-11
301132,hemitergite,半背片,,2012-11-26
301133,Hemitaurichthys polylepis ,霞斑鰈魚,,2012-11-26
301134,hemisphere; hemispherium,半球,,2012-11-26
301135,hemisphere cerebellar; hemispherium cerebelli,小腦半球,,2012-11-26
301136,hemisphere cerebral; hemispherium cereberi,大腦半球,,2012-11-26
301137,Hemiramphus far ,斑鰔,,2012-11-26
301138,HEMIRAMPHIDAE,鱵科,,2012-11-26
301139,hemipterygoid,半翼骨,,2012-11-26
301140,HEMIPTERA,半翅目,,2012-11-26
301141,HEMIPROCNIDAE,鳳頭兩燕科,,2012-11-26
301142,hemipneustic respiration,半氣門式呼吸,,2012-11-26
301143,hemiplegia,半身不遂；偏癱,,2012-11-26
301144,hemiplacenta,半胎盤,,2012-11-26
301145,Hemiphyllodactylus typus typus,半葉趾虎,,2020-03-19
301146,Hemiphyllodactylus typus,半葉趾蝎虎,,2020-03-19
301147,hemipenis,半陰莖,,2012-11-26
301148,hemiparasite,半寄生生物,,2012-11-26
301149,HEMIODONTIDAE,半齒鯉科,,2012-11-26
301150,Hemimyzon taitungensis ,台東間爬岩鰍,,2012-11-26
301151,HEMIMYARIA,半肌目,,2012-11-26
301152,hemimetabola,半變態,,2012-11-26
301153,HEMIMERIDAE,鼠蠼螋科,,2012-11-26
301154,Hemigymnus melapterus ,黑鰭鸚鯛,,2012-11-26
301155,Hemigymnus fasciatus ,大口鸚鯛,,2012-11-26
301156,hemigamy; semigamy,半配合,,2012-11-26
301157,Hemigalus derbyanus ,橫帶狸貓,,2012-11-26
301158,Hemigaleus tengi ,鄧氏沙條鲛,,2012-11-26
301159,Hemigaleus microstoma ,小口沙條鲛,,2012-11-26
301160,Hemigaleus macrostoma ,大口沙條鲛,,2012-11-26
301161,Hemigaleus balfouri ,倍爾福氏沙條鲛,,2012-11-26
301162,Hemidactylus stejnegeri,史丹吉氏蝎虎,,2020-03-11
301163,Hemidactylus stejnegeri,史丹吉氏蝎虎,,2020-03-19
301164,Hemidactylus frenatus,蝎虎,,2020-03-09
301165,Hemidactylus bowringii,無疣蝎虎,,2020-03-09
301166,HEMICYCLASPIDAE,半環魚科,,2012-11-26
301167,Hemiculter leucisculus ,餐條,,2012-11-26
301168,HEMICHORDATA,半索動物門,,2012-11-26
301169,hemicellulose,半纖維素,,2012-11-26
301170,Hemibungarus sauteri sauteri ,帶紋赤蛇,,2012-11-26
301171,Hemibungarus sauteri hatori ,羽鳥氏帶紋赤蛇,,2012-11-26
301172,Hemibungarus sauteri,帶紋赤蛇,,2020-03-06
301173,Hemibungarus macclellandi ; Asian Coral Snake,環紋赤蛇,,2012-11-26
301174,Hemibungarus ,赤蛇（屬）,,2012-11-26
301175,hemibranchii,半鰓類,,2012-11-26
301176,hemibranch,片鰓,,2012-11-26
301177,hemiblastula,半囊胚,,2012-11-26
301178,Hemibarbus labeo ,【魚+密】,,2012-11-26
301179,hemiazygous vein,半奇靜脈,,2012-11-26
301180,hemerythrin; haemerythrin,血紅素,,2012-11-26
301181,HEMEROCOETINAE,晝睡鰧科,,2012-11-26
301182,HEMEROBIIDAE,姬蜻蛉科,,2012-11-26
301183,hemeralopia,晝盲,,2012-11-26
301184,hemeosis; homiosis; homoesis; homoiosis,同源轉化,,2012-11-26
301185,heme; in hemoglobin,血質;血紅素,,2012-11-26
301186,heme group,原血紅素基,,2012-11-26
301187,hematopoietic system,造血系統,,2012-11-26
301188,hematoidin; bilirubin hemelytron (pl.hemelytra); hemelytrum; hemielytron,半鞘翅血稜晶體,,2012-11-26
301189,Helveticosaurus ,盾齒龍（屬）,,2012-11-26
301190,helpers; and kin selection,輔助病毒;親緣選擇,,2012-11-26
301191,helper T Cell,輔助T細胞,,2012-11-26
301192,helotism,主奴共生,,2012-11-26
301193,Helotes ,叉牙鯻（屬）,,2012-11-26
301194,HELOSTOMATIDAE,齒唇鱸科,,2012-11-26
301195,Helopeltis fasciaticollis  Poppius,茶角盲椿象,,2012-11-26
301196,HELOMYZIDAE,棘翅蠅科,,2012-11-26
301197,HELOGENIDAE,沼鯰科,,2012-11-26
301198,Helogale parvula ,侏儒獴,,2012-11-26
301199,Helogale ,侏儒獴（屬）,,2012-11-26
301200,HELODONTIFORMES,爪齒鮫目,,2012-11-26
301201,HELODONTIDAE,爪齒鮫科,,2012-11-26
301202,HELODIDAE,圓花蚤科,,2012-11-26
301203,HELODERMATIDAE,毒蜥科；串珠蜥科,,2012-11-26
301204,Heloderma suspectum,吉拉毒蜥,,2020-03-13
301205,Heloderma horridum,念珠蜥蜴,,2020-03-06
301206,Heloderm ,毒蜥（屬）,,2012-11-26
301207,helobios,池沼生物,,2012-11-26
301208,helminthology,蠕蟲學,,2012-11-26
301209,Helmethead Gecko,墻虎,,2020-03-19
301210,Helmeted Basilisk,盔頭鬣蜥,,2020-03-11
301211,Hellula undalis (Fabricius),菜心螟,,2012-11-26
301212,helix (pl.helices)(double),耳輪雙螺旋,,2012-11-26
301213,helium,氦,,2012-11-26
301214,HELIOZOA,太陽蟲目,,2012-11-26
301215,heliotropism,向日性,,2012-11-26
301216,Heliothinae,實夜蛾亞科,,2012-11-26
301217,heliotaxis,趨日性,,2012-11-26
301218,HELIORNITHIDAE,鰭足科,,2012-11-26
301220,heliophobic; heliophobous,厭日性,,2012-11-26
301221,heliophilic; heliophilous,喜日性,,2012-11-26
301222,Helictis subaurantiaca ,鼬獾,,2012-11-26
301223,HELIODINIDAE,絹蛾科,,2012-11-26
301224,Helicoverpa assulta  (Guenée),菸草青蟲；菸草蛾,,2012-11-26
301225,Helicoverpa armigera  (Hübner),玉米穗夜蛾；蕃茄夜蛾,,2012-11-26
301226,helicotrema,蝸孔,,2012-11-26
301227,HELICOPRIONIDAE,太陽鯊科,,2012-11-26
301228,Helicolenus hilgendorfi ,黑氏鮋；無鰾鮋,,2012-11-26
301229,HELICOIDEA,蘋果蝸牛超科；旋蝸牛超科,,2012-11-26
301230,HELICIDAE,蘋果蝸牛科,,2012-11-26
301231,heleoplankton,池沼浮游生物,,2012-11-26
301232,HELEOPHRYNIDAE,魔蟾科,,2012-11-26
301233,Helarctos malayanus ,馬來熊,,2012-11-26
301234,Helarctos ,馬來熊（屬）,,2012-11-26
301235,HeLa cell,希拉細胞,,2018-11-20
301236,Hekou's Gecko,守宮；鉛山壁虎；多疣壁虎,,2020-03-18
301237,Heilelberg man,海爾堡人,,2012-11-26
301238,heel dubae,踵結,,2012-11-26
301239,heel bone,踵骨,,2012-11-26
301240,heel,小刺,,2012-11-26
301241,hedgehog; hedge-pig,刺蝟,,2012-11-26
301242,hederiform ending,籐狀末梢,,2012-11-26
301243,HECTOPSYLLIDAE,砂蚤科,,2012-11-26
301244,hectocotylized arm; hectocatylus,交接腕,,2012-11-26
301245,HEBRIDAE,芥子水椿象科,,2012-11-26
301246,heat stable antigen,耐熱性抗原,,2012-11-26
301247,heat shock protein,熱休克蛋白,,2012-11-26
301248,heat polyphea,熱喘,,2012-11-26
301249,heat of vaporization,蒸發熱,,2012-11-26
301250,heat of fusion,融合熱,,2012-11-26
301251,heat labile antigen,不耐熱性抗原,,2012-11-26
301252,heat dormancy,熱休眠,,2012-11-26
301253,heat cramps,熱痙,,2012-11-26
301254,heat coagulable protein,加熱凝固性蛋白,,2012-11-26
301255,heart murmur,心雜音,,2012-11-26
301256,heat balance,熱平衡,,2012-11-26
301257,heart hypertrophy,心臟肥大,,2012-11-26
301258,heart fatty degeneration,心臟脂肪變性,,2012-11-26
301259,heart block,心傳導阻滯,,2012-11-26
301260,heart dilation,心臟擴張,,2012-11-26
301261,heart beat; heartbeat,心跳,,2012-11-26
301262,heart attack,心臟病發作,,2012-11-26
301263,hearing center,聽覺中樞,,2012-11-26
301264,hearing,聽覺,,2012-11-26
301265,head-foot; of mollusks,頭足;軟體動物,,2012-11-26
301266,head shield,頭盾,,2012-11-26
301267,head process,頭突,,2012-11-26
301268,head organ,頭器,,2012-11-26
301269,head muscle,頭肌,,2012-11-26
301270,head kidney,頭腎；原腎；前腎,,2012-11-26
301271,head groove,頭溝,,2012-11-26
301272,head germ,頭芽,,2012-11-26
301273,head fold,頭褶,,2012-11-26
301274,head cavity,頭腔,,2012-11-26
301275,head capsule,頭殼；頭顱,,2012-11-26
301276,head blastema,頭芽,,2012-11-26
301277,head apodeme,頭內凸,,2012-11-26
301278,HDL (high-density lipoprotein),高密度脂蛋白,,2012-11-26
301279,HCG (human chorionic gonadotropin),人絨毛膜促性腺激素,,2012-11-26
301280,hayfever,乾草熱,,2012-11-26
301281,hay infusion,乾草浸液,,2012-11-26
301282,HAXACORALLIA,六輻珊瑚類,,2012-11-26
301283,haxacanth embryo; onchosphere six-hooked larva,六鉤蚴,,2012-11-26
301284,hawksbills,玳瑁,,2012-11-26
301285,Hawksbill Turtle,玳瑁,,2020-03-19
301286,hawkfishes,鷹魚類；鷹斑鯛；【魚+翁】,,2012-11-26
301287,Haversian system,哈維氏系,,2012-11-26
301288,Haversian canal,哈維氏管,,2012-11-26
301289,haustra,大腸膨起,,2012-11-26
301290,haustorium (pl. haustoria),吸器,,2012-11-26
301291,haustellum (pl. haustella),吮吻,,2012-11-26
301292,Hatschek's nephridium,哈采氏腎管,,2012-11-26
301293,Hatch-Slack pathway; C4 pathway,海奇-史萊克途徑；C4途徑,,2012-11-26
301294,hatching; incubation,孵化,,2012-11-26
301295,hatching spine,孵化刺,,2012-11-26
301296,hatchetfishes; freshwater,淡水斧魚類,,2012-11-26
301297,Hashimoto's disease,橋本氏病；慢性甲狀腺炎,,2012-11-26
301298,Hart's Glass Lizard; Hart's Legless Lizard; Ophisaurus harti ,脆蛇蜥,,2012-11-26
301299,Hartig net,海提格網,,2012-11-26
301300,Harrier,鵟,,2012-11-26
301301,Harpy Eagle,角鵰,,2012-11-26
301302,Harpist Brown Frog,豎琴蛙,,2020-03-09
301303,Harpiocephalus harpia harpia ,大管鼻蝠,,2012-11-26
301304,Harpiocephalus harpia ,毛翼管鼻蝠,,2012-11-26
301305,Harpiocephalus ,毛翼管鼻蝠（屬）,,2012-11-26
301306,HARPIDAE,楊桃螺科,,2012-11-26
301307,Harpia harpyia ,角鵰,,2012-11-26
301308,HARPAGIFERIDAE,鉤棘鰧科,,2012-11-26
301309,HARPADONTIDAE,鎌齒科,,2012-11-26
301310,Harpacticoid copepods ,哲水蚤,,2012-11-26
301311,harmonious equipotential system,協調等能系,,2012-11-26
301312,harmonic habitat,協調棲所,,2012-11-26
301313,harmonia,和合關節,,2012-11-26
301314,hare,野兔,,2012-11-26
301315,hare lip,兔唇,,2012-11-26
301316,Hardy-Weinberg principle,哈-溫原理,,2012-11-26
301317,Hardy-Weinberg law,哈-溫定理,,2012-11-26
301318,Hardy-Weinberg equilibrium,哈-溫平衡法則,,2012-11-26
301319,Harder's gland; Harderian gland,瞬膜腺,,2012-11-26
301320,hard palate,硬齶,,2012-11-26
301321,hard chancre,硬性下疳,,2012-11-26
301322,harbor porpoise,港灣鼠海豚,,2012-11-26
301323,HARAMIYIDAE,多丘齒科,,2012-11-26
301324,haptophore group,結合族,,2012-11-26
301325,haptene; hepten,半抗原；不全抗原,,2012-11-26
301326,haptene; bacterial,細菌半抗原,,2012-11-26
301327,haptene antibody complexes,半抗原抗體複合物,,2012-11-26
301328,Haplothrips chinensis  Priesner,中國蓟馬,,2012-11-26
301329,HAPLOSPORIDA,單孢子目,,2012-11-26
301330,haploparasitism,單純寄生,,2012-11-26
301331,haplont,單套個體,,2012-11-26
301332,HAPLOMIDA,單肩目,,2012-11-26
301333,HAPLOLEPIDIFORMES,疏鰭魚目,,2012-11-26
301334,haploid number of chromosomes,單倍數染色體,,2012-11-26
301335,haploid,單套的；單倍的,,2012-11-26
301336,haplodont,單峰齒；單冠齒,,2012-11-26
301337,haplo-diploid system,單套（♂）雙套（♀）系,,2012-11-26
301338,HAPLODACTYLIDAE,獨指[魚翁]科,,2012-11-26
301339,haplochromosome,單套染色體,,2012-11-26
301340,Hapalogeny kishinouyei ,岸上氏髭鯛,,2012-11-26
301341,Hapalemur simus ,寬鼻柔狐猴,,2012-11-26
301342,Hapalemur grisens ,灰柔狐猴,,2012-11-26
301343,Haotzin,麝雉,,2012-11-26
301344,Hansen's disease,痲瘋病,,2012-11-26
301345,hanging preparation,懸滴標本,,2012-11-26
301346,hanging method,懸滴法,,2012-11-26
301347,hanging drop,懸滴；懸滴檢查,,2012-11-26
301348,hanging culture,懸滴培養,,2012-11-26
301349,Hand-Schuller-Christian disease,韓德-舒勒-克里斯汀氏病；黃瘤病,,2012-11-26
301350,hand ax,手斧,,2012-11-26
301351,hamulus (pl. hamuli); hamula (pl. hamulae),小鉤；翅鉤,,2012-11-26
301352,hammerhead shark,了髻鮫；橦木鮫；雙髻鮫,,2012-11-26
301353,hammer; malleus,槌骨,,2012-11-26
301354,hamate; os hamatum; unciform bone; hooked bone,鉤骨,,2012-11-26
301355,hamartoma,缺陷腫,,2012-11-26
301356,Halticus minutus  Reuter,甘藷跳盲椿,,2012-11-26
301357,halteres; balances; poisers,平衡棍,,2012-11-26
301358,haloxenous,旅遊性海洋生物；旅遊性鹽水生物,,2012-11-26
301359,halosauriformes,海蜥鰻類,,2012-11-26
301360,HALOSAURIDAE,海蜥鰻科,,2012-11-26
301361,haloplankton,鹽水浮游生物,,2020-03-11
301362,halophyte,鹽土植物,,2012-11-26
301363,halophobe,厭鹽性,,2012-11-26
301364,halophilous,適鹽性,,2012-11-26
301365,halolimnic,棲居淡水之鹽水生物,,2012-11-26
301366,halobiotic realm,海洋生物區；鹽水生物區,,2012-11-26
301367,halobios,海洋生物；鹽水生物,,2012-11-26
301368,halobacteria,嗜鹽細菌,,2012-11-26
301369,hallux,拇；拇趾,,2012-11-26
301370,Halitherium,海牛目之一種,,2012-11-26
301371,HALIPLIDAE,小頭水蟲科,,2012-11-26
301372,haliplankton,鹽水浮游生物,,2020-03-11
301373,HALIOTIDAE,鮑螺科；石決明科,,2012-11-26
301374,Halieutaea stellata ,棘茄魚,,2012-11-26
301375,HALICTOPHAGIDAE,櫛鬚撚翅科,,2012-11-26
301376,HALICTIDAE,小花蜂科,,2012-11-26
301377,Halicampus koilomatodon ,棘海龍,,2012-11-26
301378,halibut,比目魚,,2012-11-26
301379,Haliaeetus leucocephalus ,白頭海鵰,,2012-11-26
301380,halfmoons,半月魚類異名,,2012-11-26
301381,half-life (of radioactive substance),半衰期（放射性物質）,,2012-11-26
301382,halfbeaks,鱵魚類,,2012-11-26
301383,hakes,梭鱈俗名,,2012-11-26
301384,Haitain Curlytail Lizard,海地捲尾蜥,,2020-03-06
301385,hairy-winged bat,大管鼻蝠,,2012-11-26
301386,hairyfish,毛皮魚；奇鰭魚,,2012-11-26
301387,hair worm,線形蟲,,2012-11-26
301388,hair shaft,毛幹,,2012-11-26
301389,hair root sheath,毛根鞘,,2012-11-26
301390,hair plate,毛板,,2012-11-26
301391,hair papilla,毛乳突,,2012-11-26
301392,hair group,毛群；毛簇,,2012-11-26
301393,hair germ; hair bud,毛芽；毛胚,,2012-11-26
301394,hair follicle,毛囊,,2012-11-26
301395,hair feather,【羽+毛】,,2012-11-26
301396,hair erected muscle,豎毛肌,,2012-11-26
301397,hair current; hair stream,毛渦,,2012-11-26
301398,hair bulb,毛球,,2012-11-26
301399,hair cell,毛細胞,,2012-11-26
301400,hair body,毛體,,2012-11-26
301401,hair arrangement,毛序,,2012-11-26
301402,Hainan panolia deer,暹邏鹿,,2012-11-26
301403,Hainan lesser hellow bat,高頭蝙蝠,,2012-11-26
301404,Hainan koel,鬼鍋公,,2012-11-26
301405,hagfish,盲鰻,,2012-11-26
301406,Haenodon,肉齒獸,,2012-11-26
301407,HAEMULIDAE,石鱸科,,2012-11-26
301408,haemovanadin,血釩素,,2012-11-26
301409,haemouresis,血尿,,2012-11-26
301410,haemotrophic nutrition,母血營養法,,2012-11-26
301411,haemotoxin,溶血毒素,,2012-11-26
301412,haemothorax,血胸,,2012-11-26
301413,haemostat,止血劑；止血器,,2012-11-26
301414,HAEMOSPORIDIA,血孢子目,,2012-11-26
301415,haemosiderin,血黃鐵質；含鐵血黃素,,2012-11-26
301416,haemorrhoids; hemorrhoids,痔；痔瘡,,2012-11-26
301417,haemorrhoidal vein,痔靜脈；直腸靜脈,,2012-11-26
301418,haemorrhage,出血,,2012-11-26
301419,haemoptysis,咯血,,2012-11-26
301420,haemopsonin,血液調理素；血液防禦素,,2012-11-26
301421,haemopophysis (pl. haemopophyses),脈突,,2012-11-26
301422,haemopoietin,造血素,,2012-11-26
301423,haemopoietic tissue,造血組織,,2012-11-26
301424,haemopoietic factor,造血因子,,2012-11-26
301425,haemopoiesis; hemopoiesis; haematopoiesis; haemogenesis,造血（作用）,,2012-11-26
301426,Haemophilus ,嗜血桿菌（屬）,,2012-11-26
301427,haemophilia,血友病,,2020-03-11
301428,haemolytic streptococci,溶血性鏈球菌,,2012-11-26
301429,haemolytic jaundice,溶血性黃疸,,2012-11-26
301430,haemolytic disease of newborn,初生兒溶血症,,2012-11-26
301431,haemolytic anemia,溶血性貧血,,2012-11-26
301432,haemolysis,溶血作用,,2012-11-26
301433,haemolysin; hemolysin,溶血素,,2012-11-26
301434,haemolymph; hemolymph,血淋巴,,2012-11-26
301435,haemolymph gland,血淋巴腺,,2012-11-26
301436,haemoglobinuria,血紅素尿,,2012-11-26
301437,haemoglobinometer,血紅素計,,2012-11-26
301438,haemoglobin; hemoglobin,血紅素；血紅蛋白,,2012-11-26
301439,haemoerythrin,血紅質,,2012-11-26
301440,haemodromograph,血液流速計,,2012-11-26
301441,haemodigestion,血色素消化,,2012-11-26
301442,haemocyanin; hemocyanin,血青素,,2012-11-26
301443,haemocuprein,血銅蛋白,,2012-11-26
301444,haemoconia; hemoconia; hemokonin blood dust,血塵,,2012-11-26
301445,haemoclastic,破血球的,,2012-11-26
301446,haemochromogen,血色原,,2012-11-26
301447,haemoblast,血原細胞,,2012-11-26
301448,haemin; hemin,氯化血黑素,,2012-11-26
301449,haematuria,血尿,,2012-11-26
301450,haematozoon,血寄生蟲,,2012-11-26
301451,haematozoic,血寄生蟲的,,2012-11-26
301452,haematoxylin; hematoxylin,蘇木精；蘇木色素（染料）,,2012-11-26
301453,Haematopus ostralegus ,蠣鴴,,2012-11-26
301454,haematopophyrin,血紫質,,2012-11-26
301455,haematopoiesis; haemopoiesis,造血作用,,2012-11-26
301456,HAEMATOPODIDAE,蠣鴴科,,2012-11-26
301457,HAEMATOPINIDAE,獸蝨科,,2012-11-26
301458,haematophagous,血營性；吸血性,,2012-11-26
301459,haematoma,血腫,,2012-11-26
301460,haematolysis; hemolysis,血球溶解；溶血,,2012-11-26
301461,haematology; hematology,血液學,,2012-11-26
301462,haematoidin; bilirubin; hematoidin,膽紅素（heme的代謝產物）,,2012-11-26
301463,haematogonium,血母細胞,,2012-11-26
301464,haematogenic organ,造血臟器；生血臟器,,2012-11-26
301465,haematocytozoon,血球寄生蟲,,2012-11-26
301466,haematocytoblast; hematocytoblast,血球母細胞,,2012-11-26
301467,haematocrit,血球容積計,,2012-11-26
301468,haematocoele; hematocoel,血囊腫,,2012-11-26
301469,haematochometer; hematochrometer,血流速度計,,2012-11-26
301470,haematinometer; hematinometer,血色素計,,2012-11-26
301471,haematin; hematin; haeme; heme,血色素,,2012-11-26
301472,haematin protein,血色素蛋白,,2012-11-26
301473,haematin enzymes,血色素酶,,2012-11-26
301474,haematid; red blood-corpuscle,紅血球,,2012-11-26
301475,haematemesia; hematemesia,咯血,,2012-11-26
301476,haemataminic acid; hemataminic acid,血胺酸,,2012-11-26
301477,haemangioma; hemanogioma,血管瘤,,2012-11-26
301478,haemangioblast,血管原細胞,,2012-11-26
301479,haemangiectasis; hemangiectasis,血管擴張,,2012-11-26
301480,haemal system; blood vascular system,血管系,,2012-11-26
301481,haemal space,血管隙,,2012-11-26
301482,haemal ring,血管環,,2012-11-26
301483,haemal rib,脈肋,,2012-11-26
301484,haemal process (or ridge),脈脊,,2012-11-26
301485,haemal canal (or tube),脈管,,2012-11-26
301486,haemal base,脈基,,2012-11-26
301487,haemal arch,脈弧,,2012-11-26
301488,haemadynamometer; hemadynamometer,血液流速計,,2012-11-26
301489,haemacytometer; hemacytometer; haemocytometer,血球計,,2012-11-26
301490,haemacyte; blood corpuscle,血球,,2012-11-26
301491,haemachrome,血色質,,2012-11-26
301492,haemabalometer; hemabarometer,血液比重計,,2012-11-26
301493,Haeckel's law,赫凱爾氏法則；個體發生重演種族史法則,,2012-11-26
301495,Hadrosaurs,鴨嘴龍類,,2012-11-26
301496,Hadeninae,盜夜蛾亞科,,2012-11-26
301497,haddock,黑線鱈屬俗名；鱈,,2012-11-26
301498,hadalpelagic,超深淵帶,,2012-11-26
301499,hadal zone,幽淵帶；超深淵底區,,2012-11-26
301500,habituation,習慣性,,2012-11-26
301501,habitual abortion,慣性流產,,2012-11-26
301502,habitat segregation,棲距；住離,,2012-11-26
301503,habitat fragmentation,棲地碎裂,,2012-11-26
301504,habitat,棲所；生境,,2012-11-26
301505,habenular ganglion,韁神經結,,2012-11-26
301506,habenular commissure,韁巢連合,,2012-11-26
301507,habenula,韁；繫帶；韁巢,,2012-11-26
301508,H zone,H區,,2012-11-26
301509,gyrus,腦迴,,2012-11-26
301510,GYROPIDAE,長獸羽蝨科,,2012-11-26
301511,GYROCOTYLIDEA,圓杯目,,2012-11-26
301512,GYRINOCHEILIDAE,雙孔鯉科,,2012-11-26
301513,GYRINIDAE,鼓豆蟲科,,2012-11-26
301514,gypsy moth,舞蛾,,2012-11-26
301515,Gynutoclinus,燕魟亞科,,2012-11-26
301516,gynophobia; gynephobia,女性恐怖,,2012-11-26
301517,gynopaedium,母系群集,,2012-11-26
301518,gynogenesis,無雄核受精；雌核生殖；異精受孕,,2012-11-26
301519,gynecomastia; gynecomastism,女乳男,,2012-11-26
301520,gynandromorphism,雌雄嵌合,,2012-11-26
301521,gynandromorpha,雌雄嵌合體；雌雄型,,2012-11-26
301522,gynandrism,雌雄同體,,2012-11-26
301523,gynaeocentric theory,雌性中心（演化）學說,,2012-11-26
301524,gynaecology; gynecology,婦產科,,2012-11-26
301525,Gymnurinae,燕魟亞科,,2012-11-26
301526,GYMNOTIFORMES,裸背電鰻目,,2012-11-26
301527,GYMNOTIDAE,裸背電鰻科,,2012-11-26
301528,Gymnothorax undulatus ,波紋斑裸胸鯙,,2012-11-26
301529,Gymnothorax thyrsoides ,密花裸胸鯙,,2012-11-26
301530,Gymnothorax reticularis ,網裸胸鯙,,2012-11-26
301531,Gymnothorax reevesii ,雷福氏裸胸鯙,,2012-11-26
301532,Gymnothorax pseudothysoideus ,網紋裸胸鯙,,2012-11-26
301533,Gymnothorax pescadoris ,澎湖裸胸鯙,,2012-11-26
301534,Gymnothorax neglectus ,花斑裸胸鯙,,2012-11-26
301535,Gymnothorax meleagris ,黃黑斑裸胸鯙,,2012-11-26
301536,Gymnothorax melanospilus ,黑斑裸胸鯙,,2012-11-26
301537,Gymnothorax leucostigma ,白斑裸胸鯙,,2012-11-26
301538,Gymnothorax kidako ,蠕紋裸胸鯙,,2012-11-26
301539,Gymnothorax javanicus ,爪哇裸胸鯙,,2012-11-26
301540,Gymnothorax hepaticus ,白邊裸胸鯙,,2012-11-26
301541,Gymnothorax flavimarginatus ,黃緣鰭裸胸鯙,,2012-11-26
301542,Gymnothorax favagineus ,斑裸胸鯙,,2012-11-26
301543,Gymnothorax eurostus ,黴身裸胸鯙,,2012-11-26
301544,Gymnothorax chilospilus ,雲紋裸胸鯙,,2012-11-26
301545,Gymnothorax berndti ,斑第氏裸胸鯙,,2012-11-26
301546,Gymnothorax ,裸胸鱔（屬）,,2012-11-26
301547,GYMNOSTOMATA,裸口亞目,,2012-11-26
301548,GYMNOPHOTODERMI,裸光皮魚總科,,2012-11-26
301549,GYMNOPHIONA; APODA,裸蛇目,,2012-11-26
301550,Gymnomuraena concolor ,裸鯙,,2012-11-26
301551,GYMNOLAEMATA,裸唇綱,,2012-11-26
301552,Gymnogyps californianus ,加州禿鷹,,2012-11-26
301553,gymnocyte,裸細胞,,2012-11-26
301554,Gymnocranius griseus ,灰裸頂鯛；白鱲,,2012-11-26
301555,GYMNOCERATA,顯角亞目,,2012-11-26
301556,Gymnocephalus cercaria ,裸頭尾囊蚴,,2012-11-26
301557,GYMNOBLASTEA,裸生亞目,,2012-11-26
301558,GYMNARCHIDAE,裸臀魚科,,2012-11-26
301559,GYMNAMOEBAES,裸變亞目,,2012-11-26
301560,Gymmura japonica ,日本鳶魟,,2012-11-26
301561,Gymmura bimaculata ,戴星鳶魟,,2012-11-26
301562,Guyana Caiman Lizard,圭亞那凱門鱷蜥,,2020-03-13
301563,guttural pouches； diverticulum tubae auditivae,耳咽管囊,,2012-11-26
301564,guttiform,滴點形,,2012-11-26
301565,gutta,圓色點,,2012-11-26
301566,gut glucagon,腸升醣素,,2012-11-26
301567,gut,腸管,,2012-11-26
301568,gut content,胃內含物組成,,2012-11-26
301569,gustoreceptor,味受器,,2012-11-26
301570,gustatory organ,味覺器,,2012-11-26
301571,gustatory cell,味細胞,,2012-11-26
301572,gustatory,味的,,2012-11-26
301573,gums,齒齦,,2012-11-26
301574,gumma,象皮腫,,2012-11-26
301575,Gulpers,寬咽魚類,,2012-11-26
301576,Gulo gulo ,狼貛；月輪鼬,,2012-11-26
301577,Gulo ,狼貛（屬）,,2012-11-26
301578,gullet,食道；胞咽,,2012-11-26
301579,Gull,海鷗,,2012-11-26
301580,gular suture,咽喉縫,,2012-11-26
301581,gular plate,頸板；喉板,,2012-11-26
301582,gular,咽喉的；喉片；喉板,,2012-11-26
301583,gula,咽喉；食管；喉片,,2012-11-26
301584,guitarfishes,吉他琴魚類,,2012-11-26
301585,Guinea pig,天竺鼠；家豚鼠,,2012-11-26
301586,guineafowl,珠雞,,2012-11-26
301587,guild,棲位；類聚,,2012-11-26
301588,Guenther's Amoy Frog,貢德氏蛙,,2020-03-19
301589,guenon,長尾猴,,2012-11-26
301590,gubernaculum testis,睪丸韌帶；睪丸引帶,,2012-11-26
301591,guard cell,保衛細胞,,2012-11-26
301592,guanylic acid,鳥糞嘌呤核苷酸,,2012-11-26
301593,guanylate kinase,鳥酸激酶,,2012-11-26
301594,guanylate cyclase,鳥酸環酶,,2012-11-26
301595,guans,赤雉,,2012-11-26
301596,guanosine tri-phosphate (GTP),鳥嘌呤核苷酶三磷酸,,2012-11-26
301597,guanosine monophosphate (GMP),鳥核苷單磷酸鹽；單磷鳥苷；鳥單磷苷,,2012-11-26
301598,guanosine,鳥糞核糖,,2012-11-26
301599,guano,鳥糞,,2012-11-26
301600,guanophore,鳥糞色素細胞,,2012-11-26
301601,guanin,鳥糞素；鳥糞嘌呤；鳥嘌呤,,2012-11-26
301602,guanidine; guanidin,胺[甲月米]；胍；胺[甲月米]基,,2012-11-26
301603,guanase,鳥糞素酶,,2012-11-26
301604,Gryponyx ,蜥腳龍（屬）,,2012-11-26
301605,GRYLLOTALPIDAE,螻蛄科,,2012-11-26
301606,Grylloblattodae,蜚蟀亞科,,2012-11-26
301607,GRYLLOBLATTIDAE,蜚蟀蟲科,,2012-11-26
301608,GRYLLIDAE,蟋蟀科,,2012-11-26
301609,Grus canadenis ,沙丘鶴,,2012-11-26
301610,Grus americana ,美洲鶴,,2012-11-26
301611,grunters,哼哼魚類,,2012-11-26
301612,grunts,石鱸類,,2012-11-26
301613,GRUIFORMES,鶴形目,,2012-11-26
301614,GRUIDAE,鶴科,,2012-11-26
301615,grub,蠐螬；螬,,2012-11-26
301616,growth stimulating hormone,生長激素,,2012-11-26
301617,growth rings,生長輪；年輪,,2012-11-26
301618,growth regulator,生長調節劑,,2012-11-26
301619,growth promoting action,生長促進作用,,2012-11-26
301620,growth period,生長期,,2012-11-26
301621,growth line,生長線,,2012-11-26
301622,growth inhibiting,生長抑制作用,,2012-11-26
301623,growth hormone releasing hormone,生長素釋素,,2012-11-26
301624,growth hormone inhibitory hormone,生長素抑素,,2012-11-26
301625,growth form,生長型,,2012-11-26
301626,growth factor,生長因子,,2012-11-26
301627,growth curve,生長曲線,,2012-11-26
301628,growth by intussusception,內填生長,,2012-11-26
301629,growth by differentiation,分化生長,,2012-11-26
301630,groupers,石斑魚類俗名,,2012-11-26
301631,group antigen,類屬抗原；群抗原,,2012-11-26
301632,ground tissue,基本組織,,2012-11-26
301633,ground squirrel,地松鼠,,2012-11-26
301634,ground substance,基質,,2012-11-26
301635,ground snake,赤腹遊蛇,,2012-11-26
301636,ground lizard,台灣地蜥,,2012-11-26
301637,ground layer of forest,森林地面層,,2012-11-26
301638,ground disinfection,土壤消毒,,2012-11-26
301639,ground cytoplasm,基胞質,,2012-11-26
301640,ground,地下的；基本的,,2012-11-26
301641,gross productivity,總生產力,,2012-11-26
301642,gross primary production,基礎生產總量,,2012-11-26
301643,gross anatomy,大體解剖學,,2012-11-26
301644,groove-like invagination,溝狀內褶,,2012-11-26
301645,grooved teeth,溝牙,,2012-11-26
301646,grooming,修飾行為；理毛行為,,2012-11-26
301647,groin,鼠蹊部,,2012-11-26
301648,GRH; hpGRF; growth hormone-releasing hormone,生長激素釋放激素；生長激素釋放因子,,2012-11-26
301649,grey whales,灰鯨,,2012-11-26
301650,grenadiers,長尾鱈類的俗名,,2012-11-26
301651,gregariousness,群棲,,2012-11-26
301652,GREGARINIDA,簇蟲目,,2012-11-26
301653,Green-winged Teal,小水鴨,,2012-11-26
301654,Greenshank,青足鷸,,2012-11-26
301655,greenlings,小綠色魚類,,2012-11-26
301656,Greenidea formosana  (Maki),台灣多毛蚜,,2012-11-26
301657,greenhouse effect,溫室效應,,2012-11-26
301658,greeneyes,青眼魚類,,2012-11-26
301659,Green-headed Turtle,斑龜,,2020-03-06
301660,Green-backed Tit,青背山崔,,2012-11-26
301661,Green Water Dragon,綠水龍,,2020-03-11
301662,green vine snake,青蛇,,2012-11-26
301663,Green Tree Python,綠樹莫瑞蟒,,2020-03-13
301664,Green Tree Gecko,紐西蘭壁虎,,2020-03-11
301665,green sulfur bacteria,綠硫細菌,,2012-11-26
301666,Green Sea Turtle,綠蠵龜,,2020-03-11
301667,green revolution,綠色革命,,2012-11-26
301668,green pond frog,金線蛙,,2012-11-26
301669,green manure,綠肥,,2012-11-26
301670,Green Manba,綠曼巴蛇,,2020-03-11
301671,Green Iguana,綠鬣蜥,,2020-03-09
301672,green house,溫室,,2012-11-26
301673,green gland,綠腺,,2012-11-26
301674,Green Basilisk,綠雙冠蜥,,2020-03-19
301675,Green Bamboo Viper,赤尾青竹絲,,2020-03-09
301676,Green Anole,綠變色蜥,,2020-03-13
301677,Green Anaconda,綠森蚺,,2020-03-13
301678,Grebe,鷿,,2012-11-26
301679,greater vestibular gland,大前廷腺；白托令氏腺,,2020-03-11
301680,Greater Scaup,鈴鴨,,2012-11-26
301681,Greater Sandplover,鐵嘴鴴,,2012-11-26
301682,greater sac,大腹腔；腹腔,,2012-11-26
301683,greater pectoral muscle,大胸肌,,2012-11-26
301684,greater omentum,大胃繫膜,,2012-11-26
301685,greater lip,大陰唇,,2012-11-26
301686,greater curverture,大彎,,2012-11-26
301687,greater covert,大覆羽,,2012-11-26
301688,great vestibulat gland,大前庭腺；白托令氏腺,,2020-03-11
301689,Great Philippine Eagle,食猴雕,,2012-11-26
301690,Great Frigatebird,軍艦鳥,,2012-11-26
301691,Great Egret,大白鷺,,2012-11-26
301692,Great Cormorant,鸕鶿,,2012-11-26
301693,Great Barrier Reef,大堡礁,,2012-11-26
301694,grazers,吃草動物；吞食者,,2012-11-26
301695,Gray-sided Laughing Thrush,竹鳥,,2012-11-26
301696,Gray-headed Pygmy Woodpecker,小啄木,,2012-11-26
301697,Gray-faced Buzzard,灰面鵟鷹,,2012-11-26
301698,Gray-cheeked Fulvetta,繡眼畫眉,,2012-11-26
301699,Gray-belly Green Rat Snake; Elaphe frenata ,灰腹綠錦蛇,,2012-11-26
301700,Gray-banded King Snake,灰環王蛇,,2020-03-09
301701,gray visceral ramus,灰臟枝,,2012-11-26
301702,gray tubercle,灰白結節；灰白瘤,,2012-11-26
301703,gray ramus,灰枝,,2012-11-26
301704,Gray Heron,蒼鷺,,2012-11-26
301705,gray matter,灰質,,2012-11-26
301706,gray crescent,灰色區；灰色新月,,2012-11-26
301707,Gray column,壓柱,,2012-11-26
301708,gravity receptors,動受器,,2012-11-26
301709,gravitropism,向地性,,2012-11-26
301710,graviditas,妊娠,,2012-11-26
301711,gravidism,妊娠現象,,2012-11-26
301712,gravida,孕婦,,2012-11-26
301713,gravid uterus,妊娠子宮,,2012-11-26
301714,gravid proglottis,懷卵節片,,2012-11-26
301715,gravid,妊娠的；有孕的,,2012-11-26
301716,grave's disease,凸眼性甲狀腺腫,,2012-11-26
301717,grasslands,草原,,2012-11-26
301718,grassland community,草地群集,,2012-11-26
301719,grass-flower,草花蛇,,2012-11-26
301720,Grass Snake,水游蛇,,2020-03-18
301721,Grass Owl,草鴞,,2012-11-26
301722,grass crap,草魚,,2012-11-26
301723,grass beauty,南蛇,,2012-11-26
301724,grasping spines,攫捕棘,,2012-11-26
301725,grasphopper,螃蜢；蝗蟲,,2012-11-26
301726,Graptolitides ,筆石（屬）,,2012-11-26
301727,GRAPTOLITHINA,筆石蟲網,,2012-11-26
301728,Graphognathus leucoloma  Boheman,白緣粗吻象鼻蟲,,2012-11-26
301729,grape phylloxena,葡萄瘤蚜,,2012-11-26
301730,granum,基粒,,2012-11-26
301731,granulosis,顆粒性增值,,2012-11-26
301732,granulosa-theca cell tumor,濾泡膜細胞瘤,,2012-11-26
301733,granuloma,肉芽腫,,2012-11-26
301734,granulocytes,顆粒性白血球,,2012-11-26
301735,granulocyte-macrophage colony,顆粒性白血球-巨噬細胞群叢,,2012-11-26
301736,granule (granulum),顆粒；小粒,,2012-11-26
301737,granulation tissue,肉芽化組織,,2012-11-26
301738,granulation archnoidales,腦膜粒,,2012-11-26
301739,granulation,肉芽化,,2012-11-26
301740,granular sphere,粒狀球,,2012-11-26
301741,granular layer,顆粒層,,2012-11-26
301742,granular cell,粒狀細胞,,2012-11-26
301743,granula iridis,虹膜粒,,2012-11-26
301744,Granite Night Lizard,花岡岩夜蜥,,2020-03-18
301745,Grangeria,爪腳類,,2012-11-26
301746,Grandry's corpuscle,格蘭德利氏體,,2012-11-26
301747,Gram's solution,革蘭氏細菌染色液,,2012-11-26
301748,Grampus griseus ,瑞氏海豚,,2012-11-26
301749,Gram-positive bacteria,革蘭氏陽性菌,,2012-11-26
301750,Gram-positive bacilli,革蘭氏陽性桿菌,,2012-11-26
301751,Gram-negative bacteria,革蘭氏陰性菌,,2012-11-26
301752,Gram-negative bacilli,革蘭氏陰性桿菌,,2012-11-26
301753,Grammoplites scaber ,橫帶牛尾魚,,2012-11-26
301754,GRAMMISTIDAE,線紋鱸科,,2012-11-26
301755,Grammistes sexlineatus ,六線黑鱸,,2012-11-26
301756,GRAMMIDAE,藍紋鱸科,,2012-11-26
301757,GRAMMATIDAE,藍紋鱸科；線鯧科,,2012-11-26
301758,graminology; agrostology,草本植物學,,2012-11-26
301759,graminivorous,草食性,,2012-11-26
301760,graminicolous,草棲性,,2012-11-26
301761,gramicidin,革蘭氏陽性殺菌素,,2012-11-26
301762,Gramatobothus krempfi ,克拉普氏鰈,,2012-11-26
301763,Gram staining,革蘭氏染色法,,2012-11-26
301764,GRALLINIDAE,鵲鷚科,,2012-11-26
301765,grafting,移植；嫁接,,2012-11-26
301766,graft; transplant,接種；嫁接,,2012-11-26
301767,graft rejection,移植拒絕,,2012-11-26
301768,gradualism,漸進論,,2012-11-26
301769,gradual metamorphosis,漸進變態,,2012-11-26
301770,gradient,梯度,,2012-11-26
301771,grade,進化群,,2012-11-26
301772,gradation,集體發生,,2012-11-26
301773,gracilis,薄股肌；薄束；薄核,,2012-11-26
301774,GRACILARIIDAE,細蛾科,,2012-11-26
301775,Graafian follicle,囊狀卵泡；格拉夫氏泡；卵泡,,2012-11-26
301776,G-phase; of interphase,G-期;分裂間期,,2012-11-26
301777,gout,痛風,,2012-11-26
301778,Gouramies,線足鱸類,,2012-11-26
301779,Gould's Fulvetta,頭烏線,,2012-11-26
301780,Gotte's larva,哥德氏蚴,,2012-11-26
301781,gossypol,棉子酚,,2012-11-26
301782,Gorsachius melanolophus ,臺灣麻鷺,,2012-11-26
301783,Gorilla gorilla ,大猩猩（金剛猩猩）,,2012-11-26
301784,gorilla,大猩猩,,2012-11-26
301785,Gorgosaurus ,魔龍（屬）,,2012-11-26
301786,Gorgonopsians,魔龍類,,2012-11-26
301787,GORGONIIDAE,柳珊瑚科,,2012-11-26
301788,Gorgonia,角珊瑚（屬）；海柳（屬）,,2012-11-26
301789,GORGONACEA,角珊瑚目；海柳目,,2012-11-26
301790,Gorgasis,兇鰻類,,2012-11-26
301791,Gordius ,鐵線蟲（屬）,,2012-11-26
301792,GORDIODEA,鐵線蟲綱,,2012-11-26
301793,GORDIACEA,鐵線蟲類,,2012-11-26
301794,Gopherus ,穴龜（屬）,,2012-11-26
301795,gophers,囊鼠,,2012-11-26
301796,goose-flesh; cutis anserina,雞皮疙瘩,,2012-11-26
301797,goosefishes,鵝魚類,,2012-11-26
301798,goose-beaked whale,喙鯨,,2012-11-26
301799,Goodrichthys ,古德鯊（屬）,,2012-11-26
301800,GOODEIDAE,古德鱂科,,2012-11-26
301801,gonys,嘴底線；下喙,,2012-11-26
301802,gonotome,生殖原節,,2012-11-26
301803,gonotheca (pl. gonothecae),生殖芽體鞘,,2012-11-26
301804,GONOSTOMATIDAE,鑽光魚科,,2012-11-26
301805,gonosome; gonozooid,生殖體；生殖個蟲,,2012-11-26
301806,Gonorynchus abbreviatus ,鼠鱚魚,,2012-11-26
301807,GONORYNCHIFORMES,鼠鱚目,,2012-11-26
301808,gonorrhae,淋病,,2012-11-26
301809,GONORHYNCHIDAE,鼠鱚科,,2012-11-26
301810,gonopore,生殖孔,,2012-11-26
301811,gonopod; gonopodium,生殖肢；插入器,,2012-11-26
301812,gonophore,生殖芽；生殖體；載種體,,2012-11-26
301813,gonomery,兩親染色體分組,,2012-11-26
301814,gonogenesis; gametogenesis,配子發生,,2012-11-26
301815,gonoduct,生殖輸管,,2020-03-19
301816,gonocyte,生殖母細胞；配子母細胞,,2012-11-26
301817,gonocoxa,生殖基節,,2012-11-26
301818,gonocoel,生殖腺腔,,2012-11-26
301819,Gonococcus ,淋球菌（屬）,,2012-11-26
301820,gonococcal ophthalmia,淋球菌性眼炎,,2012-11-26
301821,gonochorite,雌雄異體,,2012-11-26
301822,gonochorism; dioecism,雌雄異體性,,2012-11-26
301823,gonoblast,生殖細胞,,2012-11-26
301824,gonium (pl. gonia),生殖原細胞,,2012-11-26
301825,Goniistius zonatus ,花尾鷹羽鯛,,2012-11-26
301826,Goniistius zebra ,斑馬鷹羽鯛,,2012-11-26
301827,Goniistius quadricornis ,素尾鷹羽鯛,,2012-11-26
301828,gonidium (pl. gonidia); gonid,分生子；內芽孢,,2012-11-26
301829,gonidial stage,分生子時期,,2012-11-26
301830,gonidial colonies,分生子菌落,,2012-11-26
301831,gonidial,分生子的,,2012-11-26
301832,goniale,稜骨,,2012-11-26
301833,gone,發育細胞,,2012-11-26
301834,Gonatodes albogularis,膝虎,,2020-03-11
301835,gonapophysis (pl. gonapophyses); genitalia,交尾器；生殖突；陰具片,,2012-11-26
301836,gonangium,生殖芽體；生殖個蟲；生殖壺,,2012-11-26
301837,gonane,性脂烷,,2012-11-26
301838,gonaduct,生殖輸管,,2020-03-19
301839,gonadotropin-associated peptide,性促素關連胜肽,,2012-11-26
301840,gonadotropic hormone; gonadotropin,生殖激素,,2012-11-26
301841,gonadotropic cell,促性腺細胞,,2012-11-26
301842,gonadostatin,性抑素,,2012-11-26
301843,gonadorelin,性釋素,,2012-11-26
301844,gonadoblstoma,性腺胚瘤,,2012-11-26
301845,gonadic sac,生殖囊,,2012-11-26
301846,gonadectomy,生殖腺切除術,,2012-11-26
301847,gonadal hormone,性（腺）激素,,2012-11-26
301848,gonad,生殖腺,,2012-11-26
301849,Gomphosus varius ,雜色尖嘴魚,,2012-11-26
301850,gomphosis,嵌合；鍥狀聯合,,2012-11-26
301851,gombessa,矛尾魚俗名,,2012-11-26
301852,Golgi tendon organ,高基氏腱器官,,2012-11-26
301853,Golgi ending,高基氏末梢,,2012-11-26
301854,Golgi complex (apparatus),高基氏體,,2012-11-26
301855,Golgi bodies,高基氏體,,2012-11-26
301856,Golgi apparatus,高基氏器,,2012-11-26
301857,goldfish,金魚,,2012-11-26
301858,golden-lined frog,金線蛙,,2012-11-26
301859,golden weasel,華南鼬鼠,,2012-11-26
301860,golden turtle,金龜,,2012-11-26
301861,golden eyes,金眼鈴,,2012-11-26
301862,goitrous hypothyroidism,甲狀腺腫性低功能症,,2012-11-26
301863,goitrogen,致甲狀腺腫物（質）,,2012-11-26
301864,goiter; goitre,甲狀腺腫,,2012-11-26
301869,goiter; iodide,碘性甲狀腺腫,,2012-11-26
301870,goiter; diffuse,瀰漫性甲狀腺腫,,2012-11-26
301871,GOBIOIDIDAE,鰻鰕虎魚科,,2012-11-26
301872,GOBIOESOCIDA; GOBIODSOCIFORMES; XENOPTERYGII,奇鰭目,,2012-11-26
301873,GOBIIDAE; GOBIIFORMES,鰕虎目,,2012-11-26
301874,GOBIIDAE,鰕虎魚科,,2012-11-26
301875,GOBIESOCIFORMES,喉盤魚目,,2012-11-26
301876,GOBIESOCIDAE,擬鰕虎科；喉盤魚科,,2012-11-26
301877,Gobies,鰕虎魚類,,2012-11-26
301878,gobelt cell,杯狀細胞,,2012-11-26
301879,goatfishes,山羊魚類；秋姑鬚鯛,,2012-11-26
301880,gnu,牛羚；角馬羚,,2012-11-26
301881,GnRH; gonadotropin-releasing hormone,促性腺（激）素釋放激素,,2012-11-26
301882,gnathothorax,顎胸部,,2012-11-26
301883,gnathotheca,下嘴鞘,,2012-11-26
301884,GNATHOSTOMATA,頜口類,,2012-11-26
301885,gnathostegite,顎蓋,,2012-11-26
301886,gnathos,顎形突,,2012-11-26
301887,gnathopodite,顎肢,,2012-11-26
301888,gnathopod,顎腳；顎足,,2012-11-26
301889,Gnathodentex aurolineatus ,金帶齒頜鯛,,2012-11-26
301890,gnathochilarium,顎唇板,,2012-11-26
301891,Gnathocerus maxillosus  Fabricius,細擬穀盜,,2012-11-26
301892,Gnathocerus cornutus  Fabricius,闊角穀盜,,2012-11-26
301893,GNATHOBDELLIDA,顎蛭目,,2012-11-26
301894,gnathobase,顎基突（甲殼類）；基顎（蜘蛛類）,,2012-11-26
301895,Gnathanodon speciosus ,無齒鰺,,2012-11-26
301896,GLYPTODONTIDAE,雕齒獸科,,2012-11-26
301897,Glyptodont ,雕齒獸（屬）,,2012-11-26
301898,GLYPHIPTERYGIDAE,擬捲葉蛾科,,2012-11-26
301899,glyoxysome,乙醛酸循環體,,2012-11-26
301900,glyoxylic acid,乙醛酸,,2012-11-26
301901,glyoxylate,乙醛酸,,2012-11-26
301902,glyoxyl,乙醛基,,2012-11-26
301903,GLYMERIDAE,蚶蜊科,,2012-11-26
301904,Glycymeridinae,蚶蜊亞科,,2012-11-26
301905,GLYCYMERIDIDAE,蚶蜊科,,2012-11-26
301906,glycyl-alanine,甘油胺醯；丙胺酸,,2012-11-26
301907,glycuronic acid,尿甘酸；醛醣酸,,2012-11-26
301908,glycotropic hormone; antinsulin factor,生醣激素,,2012-11-26
301909,glycosylation,醣化,,2012-11-26
301910,glycosuria,糖尿病,,2020-03-11
301911,glycosides,醣苷,,2012-11-26
301912,glycosaminoglycan,醣胺聚多醣,,2012-11-26
301913,glycoprotein; glucoprotein,醣蛋白,,2012-11-26
301914,glyconeogenesis,醣質新生作用,,2012-11-26
301915,glycolysis,醣分解,,2012-11-26
301916,glycolipid; glycolipin,醣脂類,,2012-11-26
301917,glycolic acid,羥基乙酸,,2012-11-26
301918,glycolaldehyde,羥基乙醛,,2012-11-26
301919,glycol,乙二醇,,2012-11-26
301920,glycogenosis,肝醣病,,2012-11-26
301921,glycogenolysis,肝醣分解,,2012-11-26
301922,glycogenesis,肝醣生成,,2012-11-26
301923,glycogenase,肝醣酶,,2012-11-26
301924,glycogen storage disease,肝醣儲積症,,2012-11-26
301925,glycogen,肝醣；酐醣,,2012-11-26
301926,glycocyamine; guamidine-acetic acid,胍基乙酸,,2012-11-26
301927,glycocholic acid,甘膽酸,,2012-11-26
301928,glycine; glycin,甘胺酸,,2012-11-26
301929,glycerol phosphate shuttle; of mitochondria,甘油磷酸穿梭作用;粒線體,,2012-11-26
301930,glycerol,甘油（醇）,,2012-11-26
301931,glycerine; glycerol; glycerite,甘油；丙三醇,,2012-11-26
301932,glyceraldehyde 3-phosphate,甘油醛-3-磷酸,,2012-11-26
301933,glyceraldehyde,丙二羥醛；二羥基丙醛,,2012-11-26
301934,glycation,附醣化作用,,2012-11-26
301935,glycated protein,附醣化蛋白,,2012-11-26
301936,glycated hemoglobin,糖化血色素,,2012-11-26
301937,gluteus; glutaeus,臀肌,,2012-11-26
301938,glutenine,小麥蛋白,,2012-11-26
301939,gluteline,麩蛋白,,2012-11-26
301940,gluteal surface,臀面,,2012-11-26
301941,gluteal nerve,臀神經,,2012-11-26
301942,gluteal fascia,臀肌膜,,2012-11-26
301943,gluteal,臀的,,2012-11-26
301944,glutathione,麩胺硫,,2012-11-26
301945,glutaric acid,戊二酸,,2012-11-26
301946,glutamine; glutaminie,麩醯胺,,2012-11-26
301947,glutamic acid,麩酸；麩胺酸,,2012-11-26
301948,glucuronic acid; glycuronic acid,葡萄糖羰基酸,,2012-11-26
301949,glucuronic acid pathway,葡萄糖醛酸（途）徑,,2012-11-26
301950,glucozymase,葡萄糖酶,,2012-11-26
301951,glucosuria,糖尿,,2020-03-11
301952,glucoside,甲苷,,2012-11-26
301953,glucosidase,甲苷酶,,2012-11-26
301954,glucose-fatty acid cycle,葡萄糖-脂肪酸環路,,2012-11-26
301955,glucose tolerance test,葡萄糖耐量測驗,,2012-11-26
301956,glucose metabolism,葡萄糖代謝作用,,2012-11-26
301957,glucose intolerance,葡萄糖失耐,,2012-11-26
301958,glucose dehydeogenase,葡萄糖去氫酶,,2012-11-26
301959,glucose 6-phosphate,葡萄糖-6-磷酸,,2012-11-26
301960,glucose,葡萄糖,,2012-11-26
301961,glucosazone,葡萄糖苯,,2012-11-26
301962,glucosamine; glycosamine,葡萄糖胺,,2012-11-26
301963,glucosaccharinic acid,葡萄糖一元糖酸,,2012-11-26
301964,gluconolactone,葡萄糖內脂,,2012-11-26
301965,gluconic acid,葡萄糖酸,,2012-11-26
301966,gluconeogenesis,葡萄糖生成作用,,2012-11-26
301967,glucolipid-protein complex,類脂蛋白複合物,,2012-11-26
301968,glucolipid; glucolipoid,類脂肪；糖脂質,,2012-11-26
301969,glucohemia; glycohemia,血糖症,,2012-11-26
301970,glucogenesis,葡萄糖生成,,2012-11-26
301971,glucocorticoids,葡萄糖皮質素,,2012-11-26
301972,glucocorticoid response elements,糖皮質素反應元,,2012-11-26
301973,glucocorticoid hormones,糖皮質激素,,2012-11-26
301974,glucase,葡萄糖酶,,2012-11-26
301975,glucagon-like immunoreactivity,類升糖素免疫活性,,2012-11-26
301976,glucagon; antiinsulin,胰高血糖激素；抗胰島素；抗因素林,,2012-11-26
301977,glottis (pl. glottides),聲門,,2012-11-26
301978,GLOSSOZOA,有舌動物門,,2012-11-26
301979,glossotheca,喙鞘,,2012-11-26
301980,glosso-pharyngeal nerve; glossopharyngeus,舌咽神經,,2012-11-26
301981,glosso-palatine arch,舌腭弧,,2012-11-26
301982,glosso-kinaesthetic area,舌動區,,2012-11-26
301983,GLOSSOIDEA,龍舌蛤超科,,2012-11-26
301984,glossohyal; entoglossum,舌三叉骨,,2012-11-26
301985,Glossophaga soricina ,長舌蝠,,2012-11-26
301986,Glossophaga ,長舌蝠（屬）,,2012-11-26
301987,Glossogobius biocellatus ,雙斑叉舌鰕虎魚,,2012-11-26
301988,Glossogobius aureus ,金叉舌鰕虎,,2012-11-26
301989,glosso-epiglottic fold,舌會咽褶,,2012-11-26
301990,glossodynia,舌痛,,2012-11-26
301991,glossitis,舌炎,,2012-11-26
301992,Glossina ,毒蠅（屬）,,2012-11-26
301993,GLOSSIDAE,龍蛇蛤科,,2012-11-26
301994,glossanthrax,舌癰,,2012-11-26
301995,glossa (pl. glossae),內片；中舌,,2012-11-26
301996,glomus coccygeum,尾骨球,,2012-11-26
301997,glomus chorioideum,脈絡球,,2012-11-26
301998,glomus (pl. glomera),原腎球,,2012-11-26
301999,glomerulus (pl. glomeruli),腎小球；血管球；脈毬,,2012-11-26
302000,glomerulosclerosis (GS),腎小球硬化,,2012-11-26
302001,glomerulosa; (zonaglomerulosa),小球區,,2012-11-26
302002,glochidium (pl. glochidia),鉤介蚴,,2012-11-26
302003,globus pallidus,蒼白球,,2012-11-26
302004,globus minor,附睪尾,,2012-11-26
302005,globus,球,,2012-11-26
302006,globus major,附睪頭,,2012-11-26
302007,globulin,球蛋白,,2012-11-26
302008,globulimeter,血球計,,2012-11-26
302009,globule,小球；小體,,2012-11-26
302010,globular proteins,球形蛋白,,2012-11-26
302011,globin,血球素,,2012-11-26
302012,globoid bodies,球狀體,,2012-11-26
302013,GLOBIDIA,球囊孢子目,,2012-11-26
302014,GLOBICEPHALIDAE,巨頭鯨科,,2012-11-26
302015,Globicephala macrorhynchus ,短肢領航鯨,,2012-11-26
302016,global change,全球變遷,,2012-11-26
302017,Glisson's capsule; capsula hepatis,肝囊,,2012-11-26
302018,GLIRONIIDAE,叢尾[鼠兒]科,,2012-11-26
302019,GLIROIDEA,睡鼠首科,,2012-11-26
302020,GLIRIDAE,睡小鼠科,,2012-11-26
302021,gliosomes,神經膠粒,,2012-11-26
302022,glioma,神經膠質瘤,,2012-11-26
302023,gliding lemurs,皮翼目,,2012-11-26
302024,gliding joint,滑動關節,,2012-11-26
302025,glial cell,膠細胞,,2012-11-26
302026,gliadin,麥膠蛋白,,2012-11-26
302027,glia; neuroglia,神經膠,,2012-11-26
302028,glia fiber,神經膠纖維,,2012-11-26
302029,glia cell,神經膠細胞,,2012-11-26
302030,glenoid surface,肩臼面,,2012-11-26
302031,glenoid region,肩臼區,,2012-11-26
302032,glenoid fossa; g. cavity,肩臼；臼窩,,2012-11-26
302033,glenoid,肩臼；臼窩,,2012-11-26
302034,GLAUCOSOMATIDAE,葉鯛科,,2012-11-26
302035,Glaucosoma hebraicum ,青葉鯛,,2012-11-26
302036,Glaucosoma fauvelii ,條葉鯛；富氏菜葉魚,,2012-11-26
302037,Glaucosoma buergeri ,灰葉鯛,,2012-11-26
302038,Glaucomys volans ,南方鼯鼠,,2012-11-26
302039,Glaucomys ,美洲鼯鼠（屬）,,2012-11-26
302040,glaucoma,青光眼,,2012-11-26
302041,glassfishes; Asiatic,亞洲玻璃魚類,,2012-11-26
302042,glass worm,矢蟲,,2012-11-26
302043,glass sponge,玻璃海綿,,2012-11-26
302044,glass snake; Ophiosaurus ,蛇蜥（屬）,,2012-11-26
302045,glass shrimp,透明蝦,,2012-11-26
302046,glass lizards,蛇蜥類,,2012-11-26
302047,glass crab,葉狀蚴,,2012-11-26
302048,GLAREOLIDAE,燕鴴科,,2012-11-26
302049,Glareola maldivarum ,燕鴴,,2012-11-26
302050,glans penis,龜頭,,2012-11-26
302051,glans clitoridis,陰蒂頭,,2012-11-26
302052,glandular tissue,腺性組織,,2012-11-26
302053,glandular stomach,腺胃,,2012-11-26
302054,glandular spine,腺刺,,2012-11-26
302055,glandular scale,腺鱗,,2012-11-26
302056,glandular part; gland region,腺性區,,2012-11-26
302057,glandular hair,腺毛,,2012-11-26
302058,glandular foot,腺性足,,2012-11-26
302059,glandular epithelium,腺性皮膜,,2012-11-26
302060,glandular cell,腺性細胞,,2012-11-26
302061,glandular epiploicae,腺性突起,,2012-11-26
302062,glandular area,腺區,,2012-11-26
302063,glandular anterior lobe of hypophysis,腦垂體腺性前葉,,2012-11-26
302064,glandula (pl. glandulae),腺,,2012-11-26
302065,glanders (equinia),馬鼻疽,,2012-11-26
302066,gland region,腺區 (胃黏膜）,,2012-11-26
302067,gland proper,分泌部,,2012-11-26
302068,gland of renal pelvis,腎盂腺,,2012-11-26
302069,gland of oral cavity,口腔腺,,2012-11-26
302070,gland of Meibonnian,瞼板腺；枚朋氏腺,,2012-11-26
302071,gland of Leiberkuhn,小腸腺；利貝工氏腺,,2012-11-26
302072,gland of Bowman,嗅黏膜腺,,2012-11-26
302073,gland field,腺域,,2012-11-26
302074,gland cell,腺細胞,,2012-11-26
302075,gland,腺,,2012-11-26
302076,gladiolus,胸骨體,,2012-11-26
302077,glaciation,冰河期,,2012-11-26
302078,glacial period; g. tage; g. time,冰河期,,2012-11-26
302079,glabrate,平滑；禿,,2012-11-26
302080,glabella,眉間；頭鞍,,2012-11-26
302081,gizzard,砂囊；眕,,2012-11-26
302082,GIRELLIDAE,魢科,,2012-11-26
302083,Girella punctata ,瓜子鱲；斑魢,,2012-11-26
302084,Girella mezina ,黃帶瓜鮀；子鱲,,2012-11-26
302085,girdling,束腰；環割,,2012-11-26
302086,girdle,肢帶；橫溝；裾邊,,2012-11-26
302087,GIRAFFIDAE,長頸鹿科,,2012-11-26
302088,Giraffa camelopardalis ,長頸鹿,,2012-11-26
302089,Giraffa ,長頸鹿（屬）,,2012-11-26
302090,ginkgo,銀杏,,2012-11-26
302091,ginglymus,屈戌關節；樞紐關節,,2015-05-15
302092,GINGLYMODI; LEPIDQSTERFORMES,鱗骨目,,2012-11-26
302093,gingivitis,牙肉炎,,2012-11-26
302094,gingiva; gums,齒齦；牙齦,,2012-11-26
302095,gill system,鰓系,,2012-11-26
302096,gill straine,鰓濾器,,2012-11-26
302097,gill slit,鰓裂,,2020-03-11
302098,gill remnant,鰓痕,,2012-11-26
302099,gill raker,鰓耙,,2012-11-26
302100,gill pouch,鰓囊,,2012-11-26
302101,gill plume,鰓羽,,2012-11-26
302102,gill plate,鰓板,,2012-11-26
302103,gill lamella,鰓瓣,,2012-11-26
302104,gill groove; gill helix,鰓蝸,,2012-11-26
302105,gill furrow,鰓溝,,2012-11-26
302106,gill flap; gill cover,鰓蓋,,2012-11-26
302107,gill filaments,鰓絲,,2012-11-26
302108,gill cover; operculum,鰓蓋；鰓被,,2012-11-26
302109,gill cleft,鰓裂,,2020-03-11
302110,gill chamber,鰓室,,2012-11-26
302111,gill basket,鰓籠,,2012-11-26
302112,gill books; book gill,書鰓,,2012-11-26
302113,gill bar,鰓條,,2012-11-26
302114,gill bailer,鰓瓢,,2012-11-26
302115,gill arch,鰓弧,,2012-11-26
302116,gill,鰓,,2012-11-26
302118,Gila monster ,毒蜥,,2012-11-26
302119,GIH; growth hormone-inhibiting hormone,生長激素抑制激素,,2012-11-26
302120,GIGANTURIFORMES,巨尾魚目,,2012-11-26
302121,GIGANTURIDAE,巨尾魚科,,2012-11-26
302122,GIGANTURIDA,長尾目,,2012-11-26
302123,GIGANTOSTRACA,大甲亞綱,,2012-11-26
302124,Gigantopithecus ,巨型猿人（屬）,,2012-11-26
302125,GIGANTACTINIDAE,長角鮟鱇科,,2012-11-26
302126,giberellin,吉貝素；濫長素,,2012-11-26
302127,gibbon,長臂猿,,2012-11-26
302128,GIBBERICHTHYIDAE,駝背鯛科,,2012-11-26
302129,giantism; gigantism,巨人症,,2012-11-26
302130,Giant Spiny-tail Lizard,巨環尾蜥,,2020-03-11
302131,Giant South American River Turtle,南美巨河龜,,2020-03-19
302132,giant panda,大熊貓；大貓熊,,2012-11-26
302133,giant mouse (pl. mice),巨鼠,,2012-11-26
302134,giant embryo,巨胚,,2012-11-26
302135,giant chromosome,巨染色體,,2012-11-26
302136,giant cell thyroiditis,巨細胞甲狀腺炎,,2012-11-26
302137,giant cell,巨細胞,,2012-11-26
302138,giant axons; of squid,巨軸突;烏賊,,2012-11-26
302139,Giant Ameiva,叢林鞭尾蜥,,2020-03-13
302140,GHRH,生長素釋素,,2012-11-26
302141,GH inhibitory hormone,生長素抑素,,2012-11-26
302142,GH (Growth hormone),生長素,,2012-11-26
302143,gestational diabetes,妊娠糖尿病,,2012-11-26
302144,gestation; pregnancy,妊娠,,2012-11-26
302145,gestagen,促孕素,,2012-11-26
302146,Gerrothorax ,闊頭蜥（屬）,,2012-11-26
302147,GERRIDAE,水黽科,,2012-11-26
302148,Gerrhonotus multicarinatus,多脊鱷蜥,,2020-03-18
302149,Gerres oyena ,奧柰鑚嘴魚,,2012-11-26
302150,Gerres japonica ,日本鑽嘴魚,,2012-11-26
302151,Gerres erythrourus ,紅尾銀鱸,,2012-11-26
302152,Gerres abbreviatus ,短鑽嘴魚,,2012-11-26
302153,GERREIDAE,銀鱸科,,2012-11-26
302154,gerontology; geratology,老人學；老人病學,,2012-11-26
302155,gerontal,老年期,,2012-11-26
302156,gerocomia; gerocomy,老人衛生,,2012-11-26
302157,germplasm theory,生殖質說；胚質說,,2012-11-26
302158,germplasm,生殖質；胚質,,2012-11-26
302159,germinoma,胚細胞瘤,,2012-11-26
302160,germinative layer; stratum germinativum,生長層,,2012-11-26
302161,germinative gland,胚腺,,2012-11-26
302162,germinative,生長的；萌芽的,,2012-11-26
302163,germination,芽生；芽生法,,2020-03-06
302164,germinal vesicle,胚核；胚泡,,2012-11-26
302165,germinal variation,生殖質變異,,2012-11-26
302166,germinal tissue,生殖組織,,2012-11-26
302167,germinal streak,胚條,,2012-11-26
302168,germinal selection,生殖質淘汰,,2012-11-26
302169,germinal ridge,胚脊,,2012-11-26
302170,germinal localization,胚位,,2012-11-26
302171,germinal epithelium,生殖皮膜,,2012-11-26
302172,germinal cell aplasia,胚細胞未發育,,2012-11-26
302173,germarium,生殖室,,2012-11-26
302174,German measles,德國麻疹；風疹,,2012-11-26
302175,germ; germinal,胚；生殖,,2012-11-26
302176,germ wall,胚壁,,2012-11-26
302177,germ track,種跡,,2012-11-26
302178,germ theory (of disease),病菌說,,2012-11-26
302179,germ stock,胚莖,,2012-11-26
302180,germ ring,胚環,,2012-11-26
302181,germ plasm; idioplasm,種質,,2012-11-26
302182,germ nucleus,生殖核,,2012-11-26
302183,germ line,生殖細胞系,,2012-11-26
302184,germ layer; germinal layer,胚層,,2012-11-26
302185,germ layer theory,胚層說,,2012-11-26
302186,germ hill; cumulus oophorus,載卵丘,,2012-11-26
302187,germ gland; gonad,生殖腺,,2012-11-26
302188,germ disc; germinal disc; blastodisc,胚盤,,2012-11-26
302189,germ centre; germinal centre,增殖中心,,2012-11-26
302190,germ cell; germinal cell,生殖細胞；胚細胞,,2012-11-26
302191,germ cell cycle,生殖細胞週期,,2012-11-26
302192,germ band; germinal band,胚帶,,2012-11-26
302193,gerbils,沙鼠,,2012-11-26
302194,Gerbillus gerbillus ,沙鼠,,2012-11-26
302195,Gerbillus ,沙鼠（屬）,,2012-11-26
302196,geratology; gereology; geriatrics; gerontology,老人病學；老人學,,2012-11-26
302197,Gephyrostegus ,橋堅蜥（屬）,,2012-11-26
302198,gephyrocercal tail,擬圓尾；橋尾,,2012-11-26
302199,Gephyrostegoidea,橋堅蜥亞科,,2012-11-26
302200,GEPHYREA; SIPUNCULOIDEA,星口動物門；橋蟲動物門,,2012-11-26
302201,geozoology,動物地理學,,2012-11-26
302202,geotropism,屬地性；趨地性,,2012-11-26
302203,Geotrichum ,地絲菌（屬）,,2012-11-26
302204,geotaxis,趨地性,,2012-11-26
302205,Geosaurus ,地龍（屬）,,2012-11-26
302206,geophilous,適土的,,2012-11-26
302207,GEOPHILOMORPHA,地蜈蚣目,,2012-11-26
302208,Geopherus flavomarginatus ,墨西哥法龜,,2012-11-26
302209,geonemy,生物地理學,,2012-11-26
302210,GEOMYIDAE,囊鼠科；地鼠科,,2012-11-26
302211,Geomtrinae,青尺蛾亞科,,2012-11-26
302212,GEOMETRIDAE,尺蠼蛾科,,2012-11-26
302213,geometric progressions,幾何級數增加,,2012-11-26
302214,geology,地質學,,2012-11-26
302215,geological time scale,地質時代表,,2012-11-26
302216,geological distribution,地質分佈,,2012-11-26
302217,geological age,地質時代,,2012-11-26
302218,geological time,地質年代,,2012-11-26
302219,geographical race,地區品種,,2012-11-26
302220,geographical isolation,地理隔離,,2012-11-26
302221,geographical gradient,地理梯度,,2012-11-26
302222,geographical distribution,地理分佈,,2012-11-26
302223,geographical barriers,地理屏障,,2012-11-26
302224,geographic variation,地理變異,,2012-11-26
302225,geodynamic factor,土壤變動因素,,2012-11-26
302226,geocryptophyte,地下棲息植物,,2012-11-26
302227,geocole,地棲的,,2012-11-26
302228,Geoclemys reevesii ,金龜,,2012-11-26
302229,Geoclemys hamiltonii ,哈米頓氏龜,,2012-11-26
302230,geochronology,地質年代學,,2012-11-26
302231,geochemical cycles,地質化學循環,,2012-11-26
302232,Geochelone radiata ,射紋龜（星龜）,,2012-11-26
302233,Geochelone nigra ,象龜（黑陸龜）;異名,,2012-11-26
302234,Geochelone gigantea,亞達伯拉陸龜,,2020-03-11
302235,Geochelone elephantopus ,象龜（黑陸龜）,,2012-11-26
302236,geobiotic realm,陸地生物區,,2012-11-26
302237,genus; in classification system,屬;分類系統,,2012-11-26
302238,genus (pl. genera),屬,,2012-11-26
302239,genual fissure,胼膝溝,,2012-11-26
302240,genu,膝；膝曲,,2012-11-26
302241,gentiobiose,龍膽貳醣；苦杏仁醣,,2012-11-26
302242,genovariation; point mutation,基因變異,,2012-11-26
302243,genotypic,基型的,,2012-11-26
302244,genotype,基因型；屬之模式標本,,2012-11-26
302245,genospecies,基型種,,2012-11-26
302246,genonomy,生物類緣律,,2012-11-26
302247,genonema,基因軸絲,,2012-11-26
302248,genomere,基因粒,,2012-11-26
302249,genome; genom,整單套染色體組,,2012-11-26
302250,genoblast,生殖原細胞,,2012-11-26
302251,genital atrium,生殖腔,,2012-11-26
302252,genital artery,生殖動脈,,2012-11-26
302253,genito-intestinal canal,殖腸管,,2012-11-26
302254,genitalia; gonapophysis,生殖器,,2012-11-26
302255,genital wing,生殖翼,,2012-11-26
302256,genital vein,生殖器靜脈,,2012-11-26
302257,genital tubercle,生殖結,,2012-11-26
302258,genital sinus,生殖靜脈竇,,2012-11-26
302259,genital ridge,生殖脊,,2012-11-26
302260,genital pouch,生殖囊,,2012-11-26
302261,genital pore,生殖孔,,2012-11-26
302262,genital plate,生殖板,,2012-11-26
302263,genital papilla,生殖乳突,,2012-11-26
302264,genital opening,生殖孔,,2012-11-26
302265,genital herpes,生殖器泡疹,,2012-11-26
302266,genital fold; g. ridge,生殖褶,,2012-11-26
302267,genital duct,生殖管,,2012-11-26
302268,genital cord,生殖索；精索,,2012-11-26
302269,genital cleft,生殖裂,,2012-11-26
302270,genital clasper,攫握器,,2012-11-26
302271,genital chamber,生殖室,,2012-11-26
302272,genital cavity,生殖腔,,2012-11-26
302273,genital bursae,生殖囊,,2012-11-26
302274,genital aperture,生殖孔,,2012-11-26
302275,genital alae,交接翼,,2012-11-26
302276,geniohyoid muscle,頦舌骨肌,,2012-11-26
302277,genioglossal muscle,頦舌肌,,2012-11-26
302278,geniculum nerve facialis,顏面神經膝,,2012-11-26
302279,geniculum,小膝,,2012-11-26
302280,geniculate ganglion,膝結；顏面神經結,,2012-11-26
302281,geniculate body,膝狀體,,2012-11-26
302282,geniculate,膝狀的,,2012-11-26
302283,genicular,膝的,,2012-11-26
302284,genic balance,基因平衡說,,2012-11-26
302285,genetics,遺傳學,,2012-11-26
302286,genetical adaptation,基因適應,,2012-11-26
302287,genetic variation,遺傳變異,,2012-11-26
302288,genetic testing,遺傳檢定,,2012-11-26
302289,genetic restriction,生長限制,,2012-11-26
302290,genetic recombinatioon,遺傳再組合；遺傳因子組換,,2012-11-26
302291,genetic map,遺傳圖譜,,2012-11-26
302292,genetic linkage,基因連鎖,,2012-11-26
302293,genetic isolation,遺傳隔離,,2012-11-26
302294,genetic factor; gene,基因,,2012-11-26
302295,genetic exchange,基因交換,,2012-11-26
302296,genetic equilibrium,遺傳平衡,,2012-11-26
302297,genetic engineering,遺傳工程,,2012-11-26
302298,genetic drift,遺傳漂變；基因分布浮動性,,2012-11-26
302299,genetic diseases,遺傳病,,2012-11-26
302300,genetic defects,遺傳缺陷,,2012-11-26
302301,genetic counseling,遺傳諮詢,,2012-11-26
302302,genetic continuty,遺傳延續性,,2012-11-26
302303,genetic code,遺傳密碼,,2012-11-26
302304,genetic checkerboard,遺傳的棋盤格表,,2012-11-26
302305,genesis,一細胞以至一種族之生成,,2012-11-26
302306,genericist,遺傳學者,,2012-11-26
302307,generic name,屬名,,2012-11-26
302308,generative time,繁殖期,,2012-11-26
302309,generative cell,增殖細胞,,2012-11-26
302310,generative apogamy,有性無配子生殖,,2012-11-26
302311,generation,世代；世紀,,2012-11-26
302312,generalization,一般化,,2012-11-26
302313,general somatic sensory,一般體壁感覺神經,,2012-11-26
302314,general somatic motor,一般體壁運動神經,,2012-11-26
302315,general purpose compound,通效劑,,2012-11-26
302316,general hypothermia,全身性體溫過低,,2012-11-26
302317,general disturbance,全身性失調,,2012-11-26
302318,genera (sing. genus),屬,,2012-11-26
302319,genecology,遺傳生態學,,2012-11-26
302320,genealogy,譜系學；譜牒學,,2012-11-26
302321,genealogical tree,系統樹,,2012-11-26
302322,Genetta genetta ,小斑獛,,2012-11-26
302323,Genetta ,獛（屬）,,2012-11-26
302324,gene translation,基因轉譯,,2012-11-26
302325,gene transfer,基因轉植,,2012-11-26
302326,gene transcription,基因轉錄,,2012-11-26
302327,gene therapy,基因治療,,2012-11-26
302328,gene pool,基因總匯,,2012-11-26
302329,gene pair,基因對,,2012-11-26
302330,gene mutation,基因突變,,2012-11-26
302331,gene mapping,基因圖譜,,2012-11-26
302332,gene interaction,基因相互作用,,2012-11-26
302333,gene flow,基因交流,,2012-11-26
302334,gene frequency,基因頻度,,2012-11-26
302335,gene expression,基因表現,,2012-11-26
302336,gene-enzyme relation,基因－酶之關係,,2012-11-26
302337,gene analysis,基因分析,,2012-11-26
302338,gene amplification,基因放大,,2012-11-26
302339,allele,對偶基因,,2012-11-26
302340,gene,基因,,2012-11-26
302341,gender identity,性別認同,,2012-11-26
302342,gena,頰；顴,,2012-11-26
302343,GEMUENDINIDAE,萊茵鮫科,,2012-11-26
302344,GEMPYLIDAE,蛇鯖科,,2012-11-26
302345,gemmule,芽球；微芽,,2012-11-26
302346,gemmation,芽生法；萌芽,,2020-03-06
302347,gemma (pl. gemmae),芽,,2012-11-26
302348,gemini,雙生子,,2012-11-26
302349,geminate fertilization,成對受精,,2012-11-26
302350,gemellus (pl. gemelli),孖肌；雙生子；攣子,,2012-11-26
302351,GELICHIIDAE,麥蛾科,,2012-11-26
302352,gelatinous tissue,膠狀組織,,2012-11-26
302353,gelatinous membrane,膠質膜,,2012-11-26
302354,gelatinous matter,膠質,,2012-11-26
302355,gelatin,明膠,,2012-11-26
302356,GELASTOCORIDAE,蟾蜍椿象科,,2012-11-26
302357,gel electrophoresis,膠體電泳,,2012-11-26
302358,gel,膠凝體；凝膠,,2012-11-26
302359,GEKKOTA,守宮次亞目,,2012-11-26
302360,GEKKONIDAE,壁虎科,,2012-11-26
302361,Gekko verticillatus ,大守宮（異名）,,2012-11-26
302362,Gekko monarchus ,蘭嶼守宮（異名）,,2012-11-26
302363,Gekko kikuchii ; Kikuchi's gecko; Kikuchi's Gecko,蘭嶼守宮；菊池氏壁虎,,2012-11-26
302364,Gekko japonicus,日本守宮,,2020-03-19
302365,Gekko hokouensis,守宮；鉛山壁虎；多疣壁虎,,2020-03-18
302366,Gekko gecko ; Tokay Gecko,蛤蚧；大守宮；大壁虎,,2012-11-26
302367,Gehyra variegaia orasawarasimae ,琉球裂足蝎虎,,2012-11-26
302368,Gehyra mutilatus ,裂足蝎虎,,2012-11-26
302369,Gehyra mutilata,裂足蝎虎,,2020-03-18
302370,Geckonia chazaliae,墻虎,,2020-03-19
302371,Geckolepis maculata,斑鱗虎,,2020-03-09
302372,gecko,守宮,,2012-11-26
302373,Gazza minuta ,橢圓蝠；小牙鰏,,2012-11-26
302374,gazelle,瞪羚,,2012-11-26
302375,Gazella thomsonii ,湯姆森瞪羚,,2012-11-26
302376,Gazella dama ,鹿羚,,2012-11-26
302377,Gazella ,瞪羚（屬）,,2012-11-26
302378,GAVIIFORMES,潛鳥目,,2012-11-26
302379,GAVIDAE,潛鳥科,,2012-11-26
302380,Gavialis gangetivus ;Indian Gavial; Indian Gharial,恆河鱷；食魚鱷,,2012-11-26
302381,GAVIALIDAE,食魚鱷科,,2012-11-26
302382,Gause's rule,高斯法則；常態對稱法則,,2012-11-26
302383,Gause's principle,高斯定理；常態對稱定理,,2012-11-26
302384,Gause's law,高斯定理；常態對稱分佈,,2012-11-26
302385,gastrulation,原腸胚形成,,2012-11-26
302386,gastrula stage,原腸期；原腸胚期,,2012-11-26
302387,gastrula lip,胚唇,,2012-11-26
302388,gastrula invagination,原腸胚內褶,,2012-11-26
302389,gastrula,原腸胚,,2012-11-26
302390,gastrozooid,營養體；營養芽螅；營養個蟲,,2012-11-26
302391,Gastrozona fasciventris  (Macquart),帶腹癭實蠅,,2012-11-26
302392,gastro-vascular cavity,胃脈管腔；消化循環腔,,2012-11-26
302393,gastro-vascular system,胃脈管系；消化循環系,,2012-11-26
302394,GASTROTRICHA,腹毛綱,,2012-11-26
302395,gastrostege,腹鱗,,2012-11-26
302396,gastropores,胃孔,,2012-11-26
302397,GASTROPODA,腹足綱,,2012-11-26
302398,Gastrophysus spadiceus ,棕斑腹棘魨,,2012-11-26
302399,GASTROPHORI,腹囊類,,2012-11-26
302400,gastroparesis diabeticorum,糖尿病性胃輕癱,,2012-11-26
302401,Gastromyzontinae,腹吸鰍亞科,,2012-11-26
302402,gastromenia,胃性錯經,,2012-11-26
302403,gastrolith,胃石,,2012-11-26
302404,gastrolienal,胃脾的,,2012-11-26
302405,gastrolavage,洗胃法,,2012-11-26
302406,gastrointestinal tract (GI tract),胃腸管道,,2012-11-26
302407,gastrointestinal hormone,胃腸激素,,2012-11-26
302408,gastrohysterotomy,剖腹割除子宮術,,2012-11-26
302409,gastrohepatic omentum; lesser omentum,胃肝繫膜；小胃繫膜,,2012-11-26
302410,gastrohepatic ligament,胃肝韌帶,,2012-11-26
302411,gastrohelcosis; gastrehelcosis,胃潰瘍,,2012-11-26
302412,gastro-epiploic,胃繫膜的,,2012-11-26
302413,gastroenterpancreatic axis,胃腸胰軸,,2012-11-26
302414,gastroduodenal,胃十二指腸的,,2012-11-26
302415,gastrodermis,胃皮層,,2012-11-26
302416,gastro-colic omentum; great omentum,胃結繫膜；胃大繫膜,,2012-11-26
302417,gastrocoele; archenteron; primitive gut,原腸,,2012-11-26
302418,gastrocnemius,腓肚肌,,2012-11-26
302419,GASTROCHAENOIDEA,核仁蛤超科,,2012-11-26
302420,gastrocentrous vertebrae,腹間椎體；腹椎,,2012-11-26
302421,gastrobrosia; gastrobrosis,胃穿孔,,2012-11-26
302422,gastrinoma,胃泌素瘤,,2012-11-26
302423,gastrin,胃泌激素,,2012-11-26
302424,gastricisin,次胃蛋白酶,,2012-11-26
302425,gastric vein,胃靜脈,,2012-11-26
302426,gastric tooth,胃齒,,2012-11-26
302427,gastric tentacles,胃觸手,,2012-11-26
302428,gastric stasis,胃滯留,,2012-11-26
302429,gastric pouch,胃囊,,2012-11-26
302430,gastric plexus,胃神經叢,,2012-11-26
302431,gastric mill,胃磨,,2012-11-26
302432,gastric lipase,胃脂酶,,2012-11-26
302433,gastric inhibitory peptide,胃抑制肽,,2012-11-26
302434,gastric impression,胃壓痕,,2012-11-26
302435,gastric gland,胃腺,,2012-11-26
302436,gastric ganglion,胃神經結,,2012-11-26
302437,gastric fluid; g. juice,胃液,,2012-11-26
302438,gastric filaments,胃絲,,2012-11-26
302439,gastric caecum,胃盲囊,,2012-11-26
302440,gastric artery,胃動脈,,2012-11-26
302441,gastric acidity,胃液酸度,,2012-11-26
302442,gas-transport systems,氣體轉運系統,,2012-11-26
302443,gastralia,腹肋；胃壁小骨,,2012-11-26
302444,gastral ridge,胃稜脊,,2012-11-26
302445,gastral mesoderm,胃壁中層；胃壁中胚層,,2012-11-26
302446,gastral layer,胃層,,2012-11-26
302447,gastral epithelium,胃皮層,,2012-11-26
302448,gastral cavity,胃腔,,2012-11-26
302449,gastraea theory,原腸形始祖說,,2012-11-26
302450,gastraea,原腸形始祖,,2012-11-26
302451,GASTEROSTEIFORMES,刺魚目,,2012-11-26
302452,GASTEROSTEIDAE,刺魚科,,2012-11-26
302453,GASTEROPHILIDAE,馬蠅科,,2012-11-26
302454,GASTEROPELECIDAE,斧腹齒鯉科,,2012-11-26
302455,gaster,胃；柄後腹；錘腹,,2012-11-26
302456,Gasserian ganglion; semilunar ganglion,半月神經結,,2012-11-26
302457,gasoplankton,氣囊性浮游生物,,2012-11-26
302458,gas-forming organisms,產氣生物,,2012-11-26
302459,gaseous disinfectants,氣體殺菌劑,,2012-11-26
302460,gas gland,氣腺,,2012-11-26
302461,gas gangrene,氣性壞疽,,2012-11-26
302462,gas exchange,氣體交換,,2012-11-26
302463,Gartner's duct; ductus epoophori longitudinales; canal of Gartner,卵巢冠縱管,,2012-11-26
302464,Garter Snake,過山刀,,2012-11-26
302465,gars,雀鱔類,,2012-11-26
302466,Garrulus glandarius ,橿鳥,,2012-11-26
302467,Garrulax canorus ,畫眉,,2012-11-26
302468,Garrulax morrisonianus ,金翼白眉,,2012-11-26
302469,Garrulax caerulatus ,竹鳥,,2012-11-26
302470,Garrulax albogularis ,白喉笑鶇,,2012-11-26
302471,garland stage,類腎母細胞鍊期,,2012-11-26
302472,garland cells,類腎母細胞鍊,,2012-11-26
302473,gargoylism,赫雷口狀症,,2012-11-26
302474,Gargariscus prionocephalus ,波面黃魴鮄,,2012-11-26
302475,Gargara genistae  (Fabricius),黑角蟬,,2012-11-26
302476,Garganey,白眉鴨,,2012-11-26
302477,garden pea,豌豆,,2012-11-26
302478,Garden Supple Skink,侏蜥,,2020-03-09
302479,gar pike,雀鱔,,2012-11-26
302480,GAP; GnRH-associated peptide,性釋素關連胜肽,,2012-11-26
302481,gap junction,裂隙接合,,2012-11-26
302482,ganoin; ganoine,硬鱗質；閃光質,,2012-11-26
302483,ganoid scales,硬鱗,,2012-11-26
302484,ganoblast,釉原細胞,,2020-03-13
302485,Gannet,鰹鳥,,2012-11-26
302486,gangrene; gangraena,壞疽,,2012-11-26
302487,gangliosidosis,神經節甘脂合成,,2012-11-26
302488,gangliosides,神經節甘脂,,2012-11-26
302489,ganglioplexus,散漫神經結；神經結叢,,2012-11-26
302490,ganglionic centre,神經結中心,,2012-11-26
302491,ganglioneuron,神經結內神經元,,2012-11-26
302492,ganglioneuroma,神經節胞瘤,,2012-11-26
302493,ganglionated trunk,神經結幹,,2012-11-26
302494,ganglionated nerve cord,神經結索,,2012-11-26
302495,ganglionated,具神經結的,,2012-11-26
302496,ganglion cells,神經節細胞,,2012-11-26
302497,ganglion cell layer,神經結細胞層,,2012-11-26
302498,ganglion (pl. ganglia),神經結；神經節；腱鞘囊腫,,2012-11-26
302499,ganglia,神經節,,2012-11-26
302500,gamogenesis; sexual reproduction,有性生殖,,2012-11-26
302501,gamobium,有性世代,,2012-11-26
302502,gamma rays,γ-射線,,2012-11-26
302503,gamma radiation,γ射線,,2012-11-26
302504,gamma globulin,γ球蛋白,,2012-11-26
302505,gamma globin,γ-珠蛋白,,2012-11-26
302506,gamma,希臘子母γ,,2012-11-26
302507,gamic reproduction; sexual reproduction,有性生殖,,2012-11-26
302508,gametophyte,配子體,,2012-11-26
302509,gametogony,配子生殖,,2012-11-26
302510,gametogeny; gametogenesis,配子發生,,2012-11-26
302511,gametogenium,配子原細胞；原配子細胞,,2012-11-26
302512,gametic ratio,配子率,,2012-11-26
302513,gametic nucleus,配子核,,2012-11-26
302514,gametic meiosis,配子減數分裂,,2012-11-26
302515,gamete,配子,,2012-11-26
302516,gametangia (pl. gametangium),配子囊,,2012-11-26
302517,game theory,競爭理論,,2012-11-26
302518,game management,漁獵管理,,2012-11-26
302519,Gambusia affinis ,大肚魚,,2012-11-26
302520,Gambelia wislizenii,豹蜥,,2020-03-18
302521,galvanotropism,向電性,,2012-11-26
302522,galvanotaxis,趨電性,,2012-11-26
302523,galvanometer,電流計,,2012-11-26
302524,Galton's law,戈耳頓氏法則；親子遺傳特質代代遞減法則,,2012-11-26
302525,gallstone,膽石,,2012-11-26
302526,Gallotia simonyi ,加那利島蜥蜴,,2012-11-26
302527,gallivorous,食癭的,,2012-11-26
302528,Gallinula chloropus ,紅冠水雞,,2012-11-26
302529,Gallinago gallinago ,田鷸,,2012-11-26
302530,GALLIFORMES,雞形目,,2012-11-26
302531,Galleria mellonella  Linnaeus,蠟螟；蠟蛾,,2012-11-26
302532,gall wasps,沒食子蜂,,2012-11-26
302533,gall insect,癭蟲,,2012-11-26
302534,gall duct; bile duct; choleochal duct,膽管,,2012-11-26
302535,gall capillaries,細膽管,,2012-11-26
302536,gall bladder; bile eyst; cholic cyst,膽囊,,2012-11-26
302537,gall,膽汁；蟲癭,,2012-11-26
302538,galjoen fishes,烏鴉鱸科的俗名,,2012-11-26
302539,Galeus sauteri ,梭氏蜥鮫,,2012-11-26
302540,Galepus ,孔首（屬）,,2012-11-26
302541,Galeopithecus ,食蟲（屬）,,2012-11-26
302542,GALEOIDEA,鼬鯊目,,2012-11-26
302543,GALEODIDAE (=MELONGEIDAE =BUSYCONIDAE =FULGURIDAE),毛蠍螺科,,2012-11-26
302544,Galeocerdonini,鼬鯊族,,2012-11-26
302545,Galeocerdo cuvieri ,鼬鮫,,2012-11-26
302546,GALEASPIDIFORMES,鎧甲魚目,,2012-11-26
302547,galea (pl. galeae),外葉；外瓣,,2012-11-26
302548,galactometer; lactometer,乳液比重計,,2012-11-26
302549,GALBULIDAE,鶲鴷科,,2012-11-26
302550,GALAXIIFORMES,乳魚目,,2012-11-26
302551,Galaxiids,乳魚科魚類,,2012-11-26
302552,GALAXIIDAE,乳魚科,,2012-11-26
302553,Galaxias ,乳魚（屬）,,2012-11-26
302554,Galapagos tortoise,加拉巴哥島龜類,,2012-11-26
302555,Galapagos Island,加拉巴哥島,,2012-11-26
302556,Galapagos Finches,加拉巴哥島鷽類,,2012-11-26
302557,Galapago Land Iguana,加拉巴哥陸鬣蜥,,2020-03-06
302558,galanin,甘丙胺素,,2012-11-26
302559,Galago senegalensis ,灰【犭+丘】,,2012-11-26
302560,Galago ,【犭+丘】（屬）,,2012-11-26
302561,galactosuria,半乳糖尿症,,2012-11-26
302562,galactosemia,半乳糖血症,,2012-11-26
302563,galactose-induced hypoglycemia,半乳糖誘導發性低血糖症,,2012-11-26
302564,galactose,半乳糖,,2012-11-26
302565,galactosamine,胺半乳糖,,2012-11-26
302566,galactorrhea,乳溢,,2012-11-26
302567,galactolipin; galactolipid,乳糖脂,,2012-11-26
302568,galactocerebrosidase,半乳糖腦苷酯酶,,2012-11-26
302569,galactocele,乳腺囊腫,,2012-11-26
302570,galactoblast,前初乳小體,,2012-11-26
302571,galactin,生乳激素,,2012-11-26
302572,galactase,解乳酶,,2012-11-26
302573,galactan,半乳聚糖,,2012-11-26
302574,Gadwall,赤膀鴨,,2012-11-26
302575,Gadus morhua ,大西洋鱈,,2012-11-26
302576,GADOPSIDAE,鱈鱸科,,2012-11-26
302577,GADIFORMES,鱈形目,,2012-11-26
302578,GADIDAE,鱈科,,2012-11-26
302579,Gaboon Viper,加彭膨【虫奎】,,2020-03-06
302580,GABA (γ-aminobutyric acid),γ-氨基丁酸,,2012-11-26
302581,G2 phase (second gap phase),第二間隔期,,2012-11-26
302582,G1 phase (first gap phase),第一間隔期,,2021-09-28
302583,fusulus,吐絲器,,2012-11-26
302584,Fusulina ,紡錘蟲（屬）,,2012-11-26
302585,fusocellular,紡錘狀細胞,,2012-11-26
302586,fusion nucleus,融合核,,2012-11-26
302587,fusion gene,融合基因,,2012-11-26
302588,fusiliers,烏尾冬,,2012-11-26
302589,fusiform root,紡錘根,,2012-11-26
302590,fusiform cell,紡錘狀細胞,,2012-11-26
302591,fusiform bacilli,梭形桿菌,,2012-11-26
302592,fusiform,紡錘狀；梭形,,2012-11-26
302593,fusiella,小紡錘蟲,,2012-11-26
302594,Fusconaia edgariana ,閃爍珍珠貝,,2012-11-26
302595,Fusconaia ccuneolus ,美光豬趾珍珠貝,,2012-11-26
302596,furuncles,癤,,2012-11-26
302597,FURNARIIDAE,灶鳥科,,2012-11-26
302598,FURNAR,[鼉]巢亞目,,2012-11-26
302599,Furipterus horrenus ,煙蝠,,2012-11-26
302600,Furipterus ,煙蝠（屬）,,2012-11-26
302601,FURIPTERIDAE,煙蝙科,,2012-11-26
302602,furfural,呋喃醛；糠醛,,2012-11-26
302603,furcula,叉骨；叉狀器,,2020-03-18
302604,furca,叉骨,,2012-11-26
302605,furciferous,具分叉附肢的,,2012-11-26
302606,fur,毛；毛皮,,2012-11-26
302607,funnel-like forsa,淚囊窩,,2012-11-26
302608,funnel,漏斗；漏斗口,,2012-11-26
302609,funnelform,漏斗形,,2012-11-26
302610,funiform,索狀的,,2012-11-26
302611,funiculus (pl. -li),索（神經纖維）；[月朱]柄,,2012-11-26
302612,funicular part,小索部；索部,,2012-11-26
302613,funicle,索節,,2012-11-26
302614,fungus,真菌,,2012-11-26
302615,FUNGIVORIDAE,蕈蠅科,,2012-11-26
302616,FUNGIIDAE,蕈珊瑚科,,2012-11-26
302617,fungiform papillae,蕈狀乳頭,,2012-11-26
302618,fungicolous,棲生於真菌的,,2012-11-26
302619,fungicide,殺真菌劑,,2012-11-26
302620,fungi imperfecti,不完全真菌屬,,2012-11-26
302621,fungi (fungus),真菌植物,,2012-11-26
302622,fungal,真菌的,,2012-11-26
302623,fundus glands,胃底腺,,2012-11-26
302624,fundus,胃底,,2012-11-26
302625,FUNDULIDAE,底科【魚+尉】,,2012-11-26
302626,fundic,胃底的,,2012-11-26
302627,fundamental tissue,基本機能組織,,2012-11-26
302628,fundamental niche,生態區位；小生境,,2012-11-26
302629,functional group,作用基,,2012-11-26
302630,functional disease,官能性疾病,,2012-11-26
302631,functional anatomy,官能解剖學,,2012-11-26
302632,functional adaptation,作用適應,,2012-11-26
302633,functional accomodation,機能性調節,,2012-11-26
302634,functional (vagotonic) hypoglycemia,功能性（迷走神經性）低血糖症,,2012-11-26
302635,function group,機能基團,,2012-11-26
302636,fumigation,薫蒸法,,2012-11-26
302637,fumigan,燻蒸劑,,2012-11-26
302638,fumaric acid,丁烯二酸,,2012-11-26
302639,fumarate,富馬酸,,2012-11-26
302640,fumarase,丁烯二酸酶,,2012-11-26
302641,fulvous,褐黃色,,2012-11-26
302642,fulturae,咽下支骨,,2012-11-26
302643,Fulmekiola serrata  (Kobus),甘蔗薊馬；甘蔗小薊馬,,2020-03-09
302644,FULGORIDAE,蠟蟬科；白蠟蟲科,,2012-11-26
302645,Fulgora watanabei ,渡邊氏長吻白臘蟲,,2012-11-26
302646,fulcrum,棘狀鱗；吻基骨；支骨,,2012-11-26
302647,Fugu  (=Ta Ki fugu),東方魨（屬）,,2012-11-26
302648,fugitive species,流動種；機會種；避難種,,2012-11-26
302649,fuel homeostasis,熱能恆定,,2012-11-26
302650,fucoxanthin,岩藻黃素,,2012-11-26
302651,fucose,岩藻醣,,2019-10-18
302652,fucoidin,海藻脂,,2012-11-26
302653,fuchsinophile bodies,嗜品紅性小體,,2012-11-26
302654,fuchsin,洋紅；品紅（紫紅色染料）,,2012-11-26
302655,frustule,片狀芽螅,,2012-11-26
302656,fruiting body,子實體,,2012-11-26
302657,fruit flies,果蠅,,2012-11-26
302658,fruit bats,大蝙蝠類；狐蝠類,,2012-11-26
302659,frugivorous,食果性,,2012-11-26
302660,fructosterol,果糖固醇,,2012-11-26
302661,fructose-induced hypoglycemia,果糖誘發性低血糖症,,2012-11-26
302662,fructose intolerance,果糖失耐,,2012-11-26
302663,fructose,果糖,,2012-11-26
302664,froth gland; Batellis gland,沫腺,,2012-11-26
302665,fronto-parietal bone,額頂骨,,2012-11-26
302666,frontocylpeus,額楯,,2012-11-26
302667,frontoclypeal suture,額楯縫,,2012-11-26
302668,frontalis,額肌,,2012-11-26
302669,frontalia,額中紋,,2012-11-26
302670,frontal vein,額靜脈,,2012-11-26
302671,frontal suture,額【骨+逢】,,2012-11-26
302672,frontal surface,額面,,2012-11-26
302673,frontal spine,額棘,,2012-11-26
302674,frontal sinus,額竇,,2012-11-26
302675,frontal segment,額節,,2012-11-26
302676,frontal process,額突,,2012-11-26
302677,frontal pore,前頭孔,,2012-11-26
302678,frontal pole,額極,,2012-11-26
302679,frontal plate,額板,,2012-11-26
302680,frontal plan,額面,,2012-11-26
302681,frontal palatine suture,額腭【骨+逢】,,2012-11-26
302682,frontal organ,額器,,2012-11-26
302683,frontal nerve,額神經,,2012-11-26
302684,frontal muscle,額肌,,2012-11-26
302685,frontal lobe,額葉,,2012-11-26
302686,frontal gland,前頭腺,,2012-11-26
302687,frontal ganglion,前額神經結,,2012-11-26
302688,frontal fontanelle,額囪,,2012-11-26
302689,frontal filament,額絲,,2012-11-26
302690,frontal bone,額骨,,2012-11-26
302691,front,潮境,,2012-11-26
302692,frons; front,額；前頭,,2012-11-26
302693,frongfishes,躄魚類（蛙魚類）,,2012-11-26
302694,Frogmouth,蟆口鴟,,2012-11-26
302695,fringing reef,裾礁,,2012-11-26
302696,FRINGILLIDAE,雀科,,2012-11-26
302697,frigofuge,畏寒生物,,2012-11-26
302698,frigidoreceptor,冷受器,,2012-11-26
302699,friction ridge,阻稜,,2012-11-26
302700,freshwater turtles,澤龜,,2012-11-26
302701,freshwater eel,淡水鰻,,2012-11-26
302702,fresh-water life zone,淡水生物帶,,2012-11-26
302703,fresh-water habitat,淡水棲所,,2012-11-26
302704,frequency table,頻率表,,2012-11-26
302705,frequency of mutation,突變頻率,,2012-11-26
302706,frenum; fraenum,繫帶,,2012-11-26
302707,frequency curve,頻率曲線,,2012-11-26
302708,frenate,有繫帶的,,2012-11-26
302709,FRENATAE,翅韁亞目,,2012-11-26
302710,Frigatebird,軍艦鳥,,2012-11-26
302711,FREGATIDAE,軍艦鳥科,,2012-11-26
302712,Fregata minor ,軍鑑鳥,,2012-11-26
302713,freeze-fracture,冷凍斷裂,,2012-11-26
302714,freeze fracture method,冷凍斷裂法,,2012-11-26
302715,freeze-drying,冷凍乾燥,,2012-11-26
302716,free-tailed Bats,皺鼻蝠科,,2012-11-26
302717,free water,游離水,,2012-11-26
302718,free villus,游離絨毛,,2012-11-26
302719,free radical,自由基；游離基,,2012-11-26
302720,free pupa; exarate,離蛹；裸蛹,,2012-11-26
302721,free martin,不能生殖之牝犢,,2012-11-26
302722,free energy change,自由能交換,,2012-11-26
302723,free energy,自由能,,2012-11-26
302724,free central placentation,游離中軸胎盤,,2012-11-26
302725,fraternal twin; dichorial twin; dizygotic twin,假雙生；二絨膜雙胎,,2012-11-26
302726,Fraser's Sarawak dolphin,沙勞越海豚,,2012-11-26
302727,Franzia squamipinnis ,金花鱸,,2012-11-26
302728,Frankliniella occidentalis  (Pergande),西方花薊馬,,2012-11-26
302729,Frankliniella intonsa  (Trybom),台灣花薊馬,,2012-11-26
302730,fragmeshift mutations,移碼突變,,2012-11-26
302731,fragmentation,裂片（生殖）法,,2012-11-26
302732,fraenulum,小繫帶；翅刺,,2012-11-26
302733,fracture,骨折,,2012-11-26
302734,fractional sterilization,間歇滅菌法,,2012-11-26
302735,fractional sound,磨擦音,,2012-11-26
302736,fractional clearance rate,部份廓清率,,2012-11-26
302737,fowl,鳥,,2012-11-26
302738,fovea,窩；凹；色素區,,2012-11-26
302739,fourth ventricle,第四腦室,,2012-11-26
302740,Four-clawed Gecko,裂足蝎虎,,2020-03-18
302741,founder effect,建立者效應,,2012-11-26
302742,foulong organisms,污損生物；附著生物,,2012-11-26
302743,fossula (pl. -lae)； foveole,小凹；小窩；狹溝,,2012-11-26
302744,fossorial,適於掘土的；適於穴居的,,2012-11-26
302745,fossilization,化石化,,2012-11-26
302746,fossiliferous,含化石的,,2012-11-26
302747,fossil record,化石記錄,,2012-11-26
302748,fossil insect,化石昆蟲,,2012-11-26
302749,fossil fuels,化石燃料,,2012-11-26
302750,fossil,化石,,2012-11-26
302751,fossette,小窩；觸角基凹；咀嚼面,,2012-11-26
302752,fossa of lacrimal gland,淚腺窩,,2012-11-26
302753,Fossa fossa ,長島麝貓,,2012-11-26
302754,fossa,窩,,2012-11-26
302755,fornix vaginal; f. of vagina,陰道穹窿,,2012-11-26
302756,fornix (pl. -nices),穹窿,,2012-11-26
302757,Formotosema siebohmi  (Distant),台灣爺蟬,,2012-11-26
302758,Formosan yellow-throated marten,黃喉貂,,2012-11-26
302759,Formosan wild boar,野豬,,2012-11-26
302760,Formosan white-headed flying squirrel,白面鼯鼠,,2012-11-26
302761,Formosan white-bellied rat,高山白腹鼠,,2012-11-26
302762,Formosan whiskered bat,台灣髭蝠,,2012-11-26
302763,Formosan weasel,華南鼬鼠,,2012-11-26
302764,Formosan tube-nosed bat,管鼻蝠,,2012-11-26
302765,Formosan striped squirrel,台灣條紋松鼠,,2012-11-26
302766,Formosan Smooth Skink; Scincella formosensis ,台灣滑蜥,,2012-11-26
302767,Formosan sika deer,台灣梅花鹿,,2012-11-26
302768,Formosan shrew,台灣煙尖鼠,,2012-11-26
302769,Formosan serow,台灣長鬃山羊,,2012-11-26
302770,Formosan sambar,水鹿,,2012-11-26
302771,Formosan Salamander,台灣山椒魚,,2020-03-13
302772,Formosan muntjac,台灣麂；山羌,,2012-11-26
302773,Formosan mouse,月鼠,,2012-11-26
302774,Formosan mountain rat,高山白腹鼠,,2012-11-26
302775,Formosan mole,台灣鼴鼠,,2012-11-26
302776,Formosan mink,華南鼬鼠,,2012-11-26
302777,Formosan macaque,台灣獼猴,,2012-11-26
302778,Formosan lesser horseshoe bat,台灣小蹄鼻蝠,,2012-11-26
302779,Formosan leaf-nosed bat,台灣葉鼻蝠,,2012-11-26
302780,Formosan house mouse,台灣鼷鼠,,2012-11-26
302781,Formosan harvest mouse,巢鼠,,2012-11-26
302782,Formosan hare,台灣野兔,,2012-11-26
302783,Formosan greater horseshoe bat,台灣大蹄鼻蝠,,2012-11-26
302784,Formosan Grass Lizard,臺灣草蜥,,2020-03-11
302785,Formosan Glass Lizard; Formosan Legless Lizard; Ophisaurus formosensis ,臺灣蛇蜥,,2012-11-26
302786,Formosan giant flying squirrel,大赤鼯鼠,,2012-11-26
302787,Formosan masked civet,台灣白鼻狸貓；白鼻心；果子狸,,2012-11-26
302788,Formosan flying fox,台灣狐蝠,,2012-11-26
302789,Formosan field mouse,台灣森鼠,,2012-11-26
302790,Formosan ferret-badger,台灣鼬獾,,2012-11-26
302791,Formosan clouded leopard,台灣雲豹,,2012-11-26
302792,Formosan Chinese Skink,台灣中國石龍子,,2020-03-09
302793,Formosan burrowing shrew,台灣鼴鼩鼱；山階氏鼩鼱,,2012-11-26
302794,Formosan black bear,台灣黑熊,,2012-11-26
302795,Formosa Wolf Snake; Lycondon ruhstrati ,白梅花蛇,,2012-11-26
302796,Formosa Slug Snake,台灣鈍頭蛇,,2020-03-09
302797,Formosa Odd-scaled Snake,台灣標蛇,,2020-03-09
302798,Formosa Kukri Snake; Oligodon formosanus ,赤背松柏根,,2012-11-26
302799,Formosa Coral Snake; Hemibungarus sauteri ,帶紋赤蛇,,2012-11-26
302800,Formoaphis micheliae  Takahashi,烏心石蚜；玉蘭干綿蚜,,2012-11-26
302801,FORMIONIDAE,烏鯧科,,2012-11-26
302802,Formio niger ,烏鯧,,2012-11-26
302803,FORMICIDAE,蟻科,,2012-11-26
302804,formicated,穹起的,,2012-11-26
302805,formicarium,蟻巢,,2012-11-26
302806,FORMICARIIDAE,蟻鶇科,,2012-11-26
302807,formic dehydrogenase,甲酸脫氫酶,,2012-11-26
302808,formic acid,甲酸；蟻酸,,2012-11-26
302809,formative yolk,構胚卵黃；成胚卵黃,,2012-11-26
302810,formative cells,形成細胞,,2012-11-26
302811,formation; reticular; formatio reticularis,網狀構造,,2012-11-26
302812,formation of mesoderm,中胚層形成,,2012-11-26
302813,formation of gemmales,芽胚形成,,2012-11-26
302814,formation,構造；形成,,2012-11-26
302815,formate,蟻酸鹽,,2012-11-26
302816,formaldehyde; formalin,甲醛,,2012-11-26
302817,form discrimination,形體的認識,,2012-11-26
302818,Foriep's ganglion,福利普氏神經節,,2012-11-26
302819,FORFICULIDAE,蠼螋科,,2012-11-26
302820,forficated tail,鋏尾,,2012-11-26
302821,forewing,前翅,,2012-11-26
302822,forest entomology,森林昆蟲學,,2012-11-26
302823,foreskin; prepuce,包皮,,2012-11-26
302824,forensic medicine,法醫學,,2012-11-26
302825,forensic chemistry,法醫化學,,2012-11-26
302826,forensic blood examination,法醫血液檢查法,,2012-11-26
302827,forelimb; thoracic limb,前肢,,2012-11-26
302828,forelimb bud,前肢芽,,2012-11-26
302829,foreign protein,異性蛋白,,2012-11-26
302830,foregut,前腸；前食道,,2012-11-26
302831,forefex,肛鋏,,2012-11-26
302832,forebrain,前腦,,2012-11-26
302833,fore-arm,臂,,2012-11-26
302834,fore-anus,前肛,,2012-11-26
302835,fore leg,前腳,,2012-11-26
302836,fore intestine,前腸,,2012-11-26
302837,FORCIPULATA,叉棘目,,2012-11-26
302838,Forcipiger longirostris ,長吻蝶魚,,2012-11-26
302839,Forcipiger flavissmus ,黃長吻蝶魚,,2012-11-26
302840,forceps,尾鋏,,2012-11-26
302841,forced movement,強制運動,,2012-11-26
302842,Forbes-Albright syndrome,幅（布茲）－阿（布萊特）氏症候群；糖原貯積病第三型,,2012-11-26
302843,FORAMINIFERA,有孔蟲目,,2012-11-26
302844,foramen (pl. -mina),孔；小孔；脛聽器,,2012-11-26
302845,foramen triosseum,三骨孔,,2012-11-26
302846,foramen rotundum,圓孔,,2012-11-26
302847,foramen ovale,卵圓孔,,2012-11-26
302848,foramen occipital magnum,枕骨大孔,,2012-11-26
302849,foramen obturatum,閉孔,,2012-11-26
302850,foramen lacerum,破裂孔,,2012-11-26
302851,foramen interventriculare; f. of Monro,室間孔；孟羅氏孔,,2012-11-26
302852,foramen cordiforme,心形孔,,2012-11-26
302853,foramen caecum,盲孔,,2012-11-26
302854,foramen alare,翼孔,,2012-11-26
302855,foot-shaped loop,足形套,,2012-11-26
302856,foot print,足印,,2012-11-26
302857,foot posture,足姿,,2012-11-26
302858,foot jaws; maxillipeds,顎腳,,2012-11-26
302859,foot cell,足細胞,,2020-03-09
302860,foot and mouth disease,口蹄病,,2012-11-26
302861,food web,食物網,,2012-11-26
302862,food vacuole,食泡,,2012-11-26
302863,food strangulation,箝制食物,,2012-11-26
302864,food reservoir,貯食囊,,2012-11-26
302865,food pyramid,食物金字塔,,2012-11-26
302866,food preservation,食物保存,,2012-11-26
302867,food intoxication,食物中毒,,2012-11-26
302868,food habit,食性,,2012-11-26
302869,food groove,食溝,,2012-11-26
302870,food competition,食物競爭,,2012-11-26
302871,food chain,食物鏈,,2012-11-26
302872,food center,食物中樞,,2012-11-26
302873,food attractant,食誘劑,,2012-11-26
302874,fonticulus; fontanel; fontanelle,囪；囪門,,2012-11-26
302875,folliculus (pl. -li),濾泡；肺泡,,2012-11-26
302876,fontanelle; fontanel,囪門；前頭孔,,2012-11-26
302877,fomes; fomite,傳染媒；病媒,,2012-11-26
302878,folliculostatin,濾胞抑素,,2012-11-26
302879,folliculogenesis,濾胞生成,,2012-11-26
302880,follicular membrane,濾泡膜,,2012-11-26
302881,follicular fluid,濾泡液；卵泡液,,2012-11-26
302882,follicular epithelium,濾泡上皮,,2012-11-26
302883,follicular cell,濾泡細胞,,2012-11-26
302884,follicle-stimulating hormone (FSH),濾泡激素,,2012-11-26
302885,follicles; of lymph nodes,小囊；淋巴結,,2012-11-26
302887,follicle stage,濾泡期,,2012-11-26
302888,follicle regulatory protein,濾胞調節蛋白,,2012-11-26
302889,follicle cell,濾泡細胞,,2012-11-26
302890,follicle-stimulating hormone-releasing hormone; FSH-RH,濾泡激素釋放激素,,2012-11-26
302891,follicle,濾胞,,2012-11-26
302892,folium vermis,蚓葉,,2012-11-26
302893,folium primordium,初發芽,,2012-11-26
302894,folium (pl. -lia),葉狀物,,2012-11-26
302895,folidol,富粒多（農藥）,,2012-11-26
302896,folicolous,葉棲的,,2012-11-26
302897,folic acid,葉酸,,2020-03-19
302898,foliate papillae,葉狀乳突,,2012-11-26
302899,foliate laminae,葉狀層板,,2012-11-26
302900,folian process,鎚骨前突,,2012-11-26
302901,folding,摺疊式,,2012-11-26
302902,folacin,葉酸,,2020-03-19
302903,fogmachine,煙霧機,,2012-11-26
302904,foetus,胎兒,,2012-11-26
302905,foetid gland,臭腺,,2012-11-26
302906,focal infection,病竈感染,,2012-11-26
302907,foetal; fetal,胎的,,2012-11-26
302908,focal distance,焦距,,2012-11-26
302909,FMN; flavin mononucleotide,黃素單核苷酸,,2012-11-26
302910,flyingfishes,飛魚類,,2012-11-26
302911,flying surface,飛翔面,,2012-11-26
302912,flying squirrel,飛鼠,,2012-11-26
302913,flying gurnards,飛魴鮄魚類,,2012-11-26
302914,flying foxes,大蝙蝠類；狐蝠類,,2012-11-26
302915,flying animals,飛翔動物,,2012-11-26
302916,Flycatcher,鶲,,2012-11-26
302917,Fluviphylacinae,守河鱂亞科,,2012-11-26
302918,fluvioterrestrial,河陸雙棲性,,2012-11-26
302919,fluviomarine,河海雙棲性,,2012-11-26
302920,fluvial animal,流水動物群,,2012-11-26
302921,Fluta alba ,鱔魚,,2012-11-26
302922,flushing,潮紅,,2012-11-26
302923,fluorosis,氟中毒,,2012-11-26
302924,fluoride,氟化物,,2012-11-26
302925,fluorescence microscope,螢光顯微鏡,,2012-11-26
302926,fluorescence immunoassay,螢光免疫測定法,,2012-11-26
302927,fluorescence,螢光,,2012-11-26
302928,fluor albus; leukorrhea,白帶,,2012-11-26
302929,fluor,月經,,2012-11-26
302930,flumina pilorum,毛浪；髮渦,,2012-11-26
302931,flukes,吸蟲類,,2012-11-26
302932,fluke; trematoda,吸蟲,,2012-11-26
302935,fluid tissue,流體組織,,2012-11-26
302936,fluid nutrient medium,液體培養基,,2012-11-26
302937,fluid mosaic model,液體鑲嵌模型,,2012-11-26
302938,fluid homeostasis,液體平衡,,2012-11-26
302939,fluid deprivation testing,禁水試驗,,2012-11-26
302940,fluctuation,微變,,2012-11-26
302941,fluctuating variability,微變性；彷徨變異,,2012-11-26
302942,Flower-waved Snake,花浪蛇,,2020-03-09
302943,flower-in-the-mountain,細紋南蛇,,2012-11-26
302944,flounder,鰈；比目魚,,2012-11-26
302945,FLOSCULARIACEA,小花目,,2012-11-26
302946,Floridichthys ,佛羅里達鱂（屬）,,2012-11-26
302947,Floridean starch,紅藻澱粉,,2012-11-26
302949,Florida Worm Lizard,弗羅里達蚓蜥,,2020-03-09
302950,floral realm,植物分布區,,2012-11-26
302951,flora,植物相,,2012-11-26
302952,floor plate,底板,,2012-11-26
302953,flocculus; flocculus cerebelli,小腦鬈,,2012-11-26
302954,flocculonoddular lobe,翼結葉,,2012-11-26
302955,flocculation,凝絮現象,,2012-11-26
302956,floccuiar fossa,小腦鬈窩,,2012-11-26
302957,floating rib,浮肋,,2012-11-26
302958,floate,飄浮體,,2012-11-26
302959,flight feather,翼羽；飛羽,,2012-11-26
302960,flexure; lumbo-sacral,腰薦曲,,2012-11-26
302962,flexure; cranial,頭曲,,2012-11-26
302965,flexure apical,頂曲,,2020-03-18
302966,flexura; flexure,曲,,2012-11-26
302967,flexura apicalis,頂曲,,2020-03-18
302968,flexor surface,屈腱面,,2012-11-26
302969,flexor response,屈肌反應,,2012-11-26
302970,flexor reflex,屈肌反射,,2012-11-26
302971,FLEXIBILIA,可曲海百合目,,2012-11-26
302972,flesh flies,肉蠅,,2012-11-26
302973,flexor muscle,屈肌,,2012-11-26
302974,fleas,蚤類,,2012-11-26
302975,flavoprotein; yellow enzyme,黃素蛋白；黃酶,,2012-11-26
302976,flavonols,黃[生僉]醇,,2012-11-26
302977,flavonoids,黃體,,2012-11-26
302978,flavone,黃素酮,,2012-11-26
302979,flavin monoucleotide (FMN),黃素單核苷酸,,2012-11-26
302980,flavin adenine nucleotide,黃素腺核苷酸,,2012-11-26
302981,flavin adenine dinucleotide (FAD),黃素腺雙核苷酸,,2012-11-26
302982,flavin,黃素,,2012-11-26
302983,flavenscent,變黃色；帶黃色的,,2012-11-26
302984,flatworm,扁蟲,,2012-11-26
302985,flatulence,胃腸氣積,,2012-11-26
302986,Flatheads,牛尾魚；扁頭魚類,,2012-11-26
302987,Flatfishes,比目魚類；（扁魚類）,,2012-11-26
302989,Flat-tailed Gecko,豹紋守宮,,2020-03-18
302991,flask gland,瓶狀腺,,2012-11-26
302992,flapping flight,拍飛,,2012-11-26
302993,flank,脅；側腹,,2012-11-26
302994,Flammeo sammara ,條長頦鰃,,2012-11-26
302995,Flamingo,紅鸛,,2012-11-26
302996,flame cell,燄細胞,,2012-11-26
302997,flagtails fish,腸鯉,,2012-11-26
302998,flagellum (pl. -lla),鞭毛；鞭節,,2012-11-26
302999,flagellates,鞭毛類,,2012-11-26
303000,flagelliform,鞭狀,,2012-11-26
303001,flagellate spermatozoon,絲狀精子,,2012-11-26
303002,flagellate epithelium,鞭毛上皮,,2012-11-26
303003,flagellate chamber,鞭毛室,,2012-11-26
303004,flagellate canal,鞭毛溝,,2012-11-26
303005,FLAGELLATA; MASTIGOPHORA,鞭毛綱,,2012-11-26
303006,flagella antigen; H. antigen,鞭毛抗原,,2012-11-26
303007,flagella,鞭毛蟲類,,2012-11-26
303008,flagblennies,旗【魚+尉】類,,2012-11-26
303009,FLACONIFORMES,鷹形目,,2012-11-26
303010,flaccid paralysis; placcid palsy,弛緩性痲痹,,2012-11-26
303011,flabelliform marginal hair,扇形緣毛,,2012-11-26
303012,fixed virus,固定病毒,,2012-11-26
303013,fixation villi,固定絨毛,,2012-11-26
303014,fixation muscle,定位肌,,2012-11-26
303015,fixation fluid,固定液,,2012-11-26
303016,Five-toed Worm Lizard,五趾雙足蚓蜥,,2020-03-06
303017,five pacer,百步蛇,,2012-11-26
303018,Five-striped Blue Tailed Skink,麗紋石龍子,,2020-03-19
303019,fitness,適應,,2012-11-26
303020,FISTULARIIDAE,馬鞭魚科；煙管魚科,,2012-11-26
303021,Fistularia petimba ,馬鞭魚,,2012-11-26
303022,Fistularia commersonii ,棘馬鞭魚,,2012-11-26
303023,fistula (pl. -lae),瘻；瘻管,,2012-11-26
303024,FISSURELLOIDEA,孔[虫戚]超科,,2012-11-26
303025,FISSURELLIDAE,孔[虫戚]科,,2012-11-26
303026,fissure; choroid,脈絡溝,,2012-11-26
303027,fissura (pl. -rae); fissure (pl. -s); sulcus (pl. -ci),裂（或溝）,,2012-11-26
303028,fissirostral,分叉喙；分叉吻,,2012-11-26
303029,FISSIPEDIA,裂腳亞目,,2012-11-26
303030,fissiparous,分裂生殖,,2012-11-26
303031,fission; multiple,多分法,,2012-11-26
303033,fission process,分裂過程,,2012-11-26
303034,fission,分裂；分裂生殖,,2012-11-26
303035,fissilingual,分叉舌,,2012-11-26
303036,fissile,分裂的,,2012-11-26
303037,fishing snake,草花蛇,,2012-11-26
303038,fishery,漁業；漁撈學,,2012-11-26
303039,first trochanter,第一轉節,,2012-11-26
303040,first somatoblast,第一原體細胞,,2012-11-26
303041,first polar body,第一極體,,2012-11-26
303042,first oocyte; primary oocyte,初級卵母細胞,,2012-11-26
303043,first maxilla,第一小顎,,2012-11-26
303044,first instar,一齡蟲,,2012-11-26
303045,first filial generation,第一子代,,2012-11-26
303046,firmisternal,固胸的,,2012-11-26
303047,FIRMISTERNAE; DIPLASIOCOEL,固胸類；（=兩盤凹目）,,2012-11-26
303048,Fire-breasted Flowerpecker,紅胸啄花,,2012-11-26
303049,finlet,小鰭,,2012-11-26
303050,finless porpoise,新鼠海豚；江豬；江豚,,2012-11-26
303051,finials,終枝,,2012-11-26
303052,fingerprint pattern; dactylogram,指（趾）紋,,2012-11-26
303053,Fingerfishes,指魚類（大眼鯧科）,,2012-11-26
303054,fine-needle aspiration,細針穿刺,,2012-11-26
303055,fine adjustment,微動調節器,,2012-11-26
303056,finalism,終結論；目的論,,2012-11-26
303057,final host,終結寄主；終宿主,,2012-11-26
303058,fin whale,長鬚鯨,,2012-11-26
303059,fin spine,鰭棘,,2012-11-26
303060,fin ray,鰭條,,2012-11-26
303061,fin fold theory,鰭褶說,,2012-11-26
303062,fin,鰭,,2012-11-26
303063,fimicolous,糞棲性,,2012-11-26
303064,FIMBRIIDAE,繖蛤科,,2012-11-26
303065,fimbriatus; fimbriate,毛緣的,,2012-11-26
303066,fimbriated funnel,繖巵,,2012-11-26
303067,fimbria,繖,,2012-11-26
303068,filum lateral,外側絲；外側線,,2012-11-26
303069,filum (pl. -la),絲,,2012-11-26
303070,filtration; pressure,濾過壓,,2012-11-26
303071,filtration; glomerular,脈球濾過作用,,2012-11-26
303072,filtration; angle,濾角,,2012-11-26
303073,filtration; by kidney,濾過作用；腎臟,,2012-11-26
303074,filtration,濾過作用,,2012-11-26
303075,filtrate; in excretory system,濾過液；排泄系統,,2012-11-26
303076,filtrable virus; virus,濾過性病毒,,2012-11-26
303077,filtrable haemolysis,濾過性溶血素,,2012-11-26
303078,filter passer,過濾生物,,2012-11-26
303079,filter feeder,濾食性,,2012-11-26
303080,filter chamber,濾腔,,2012-11-26
303081,filter,濾過,,2012-11-26
303082,filopodium (pl. -dia),絲狀偽足；足絲,,2012-11-26
303083,filoplume; hair feather,【羽+毛】；纖羽,,2012-11-26
303084,FILOBRANCHIA,絲鰓目,,2012-11-26
303085,film balance,膜平衡,,2012-11-26
303086,fillet,裾；角間隆,,2012-11-26
303087,filiform papilae,絲狀乳突,,2012-11-26
303088,filial regression,雜種子裔退化,,2012-11-26
303089,filial generation,子代；雜交世代,,2012-11-26
303090,Filefishes,銼棘魚類；單棘魨,,2012-11-26
303091,file,鏈狀器,,2012-11-26
303092,filator,紡絲器,,2012-11-26
303093,filariform larva,絲形蚴；線狀幼蟲,,2012-11-26
303094,filariasis,絲蟲病,,2012-11-26
303095,Filaria ,絲蟲（屬）,,2012-11-26
303096,filamentous growth,絲狀生長,,2012-11-26
303097,filament,絲狀構造；肌絲；花絲,,2012-11-26
303098,Fijian Banded Iguana,斐濟斑鬣蜥,,2020-03-18
303099,fight-or-flight response,打或逃反應,,2012-11-26
303100,fighting fish (es),門魚,,2012-11-26
303101,fifth ventricle,第五腦室,,2012-11-26
303102,FIERASFERIDAE,兇隱魚潛魚科,,2012-11-26
303103,field ecosystem,野外生態系,,2012-11-26
303104,fidelity,棲處範圍,,2012-11-26
303105,ficin,無花果蛋白,,2012-11-26
303106,FICIDAE,枇杷螺科,,2012-11-26
303107,fibular tarsal bone; fibulare,腓側跗骨,,2012-11-26
303108,fibula,腓骨,,2012-11-26
303109,fibrovascular,纖維小管,,2012-11-26
303110,fibrous tunic; fibrous coat,眼纖維膜,,2012-11-26
303111,fibrous structure,纖維狀構造,,2012-11-26
303112,fibrous sheath of tendon,腱纖維鞘,,2012-11-26
303113,fibrous ring,纖維環,,2012-11-26
303114,fibrous proteins,纖維蛋白質,,2012-11-26
303115,fibrous myosin protein; fibromyosin,纖維性肌球蛋白,,2012-11-26
303116,fibrous layer,纖維層,,2012-11-26
303117,fibrous dysplasia,纖維性發育不良,,2012-11-26
303118,fibrous connective tissue,纖維性結締組織,,2012-11-26
303119,fibrous cartilage; fibrocartilage,纖維軟骨,,2012-11-26
303120,fibrous bundle,纖維束,,2012-11-26
303121,fibrous astrocyte,纖維性星狀細胞,,2012-11-26
303122,fibrosis,纖維變性；纖維化,,2012-11-26
303123,fibroma,纖維瘤,,2012-11-26
303124,fibroin,生絲素,,2012-11-26
303125,fibroglia,原纖維膠,,2012-11-26
303126,fibrogenesis imperfecta ossium,骨纖維生成不良,,2012-11-26
303127,fibrocyte,纖維細胞,,2012-11-26
303128,fibrocartilage,纖維軟骨,,2012-11-26
303129,fibroblast,纖維原母細胞,,2012-11-26
303130,fibrinolysin,血纖維蛋白溶酶,,2012-11-26
303131,fibrinoglobulin,血纖維球蛋白,,2012-11-26
303132,fibrinogen,血纖維蛋白原,,2012-11-26
303133,fibrin,血纖維蛋白,,2012-11-26
303134,fibrillation,肌顫；肌纖維顫動,,2012-11-26
303135,fibril (pl. -s); fibrilla (pl. -llae),原纖維,,2012-11-26
303136,fibriated fold; plica fimbriata,繖褶；繖縐褶,,2012-11-26
303137,fiber; fibrae (pl. -ra); fibre (pl. -es),纖維,,2012-11-26
303138,fever,發熱；熱病,,2012-11-26
303139,fetus; foetus,胎；胎兒,,2012-11-26
303140,feto-maternal circulation,胎兒-母體循環,,2012-11-26
303141,fetlock joint,距關節,,2012-11-26
303142,fetal-placental unit,胎兒-胎盤單元,,2012-11-26
303143,fetal sac,胎囊,,2012-11-26
303144,fetal placenta,胎兒胎盤,,2012-11-26
303145,fetal organ,胎體器官,,2012-11-26
303146,fetal mesoderm,胎兒中胚層,,2012-11-26
303147,fetal membrane,胎膜,,2020-03-09
303148,fetal cotyledon,胎兒絨毛葉,,2012-11-26
303149,fetal circulation,胎兒循環,,2012-11-26
303150,Ferungutates,猛獸蹄獸類,,2012-11-26
303151,FERUNGULATA,猛獸蹄獸組,,2012-11-26
303152,fertilizin,受精素,,2012-11-26
303153,fertilized egg,受精卵,,2012-11-26
303154,fertilization; interspecific,異種間受精,,2012-11-26
303155,fertilization tube,受精管,,2012-11-26
303156,fertilization substance,受精物質,,2012-11-26
303157,fertilization membrane,受精膜,,2012-11-26
303158,fertilization cone,受精錐,,2012-11-26
303159,fertilization,受精；受精作用,,2012-11-26
303160,fertility factor (F factor),致育因子,,2012-11-26
303161,fertility,受精率；豐饒,,2012-11-26
303162,ferrugination,鐵化,,2012-11-26
303163,ferritip,鐵蛋白；鐵朊,,2012-11-26
303164,Ferrisiana virgata  (Cockerell),大長尾粉介殼蟲,,2012-11-26
303165,ferredoxin,鐵氧化還原蛋白,,2012-11-26
303166,fermentum,酵母,,2012-11-26
303167,fermenter,酵原,,2012-11-26
303168,fermentation,醱酵作用,,2012-11-26
303169,ferment,酵素；酶,,2012-11-26
303170,Feresa attenuata ,小虎鯨,,2012-11-26
303171,feral,野生的；還原野生的,,2012-11-26
303172,Fennecus zerda ,【耳+郭】狐,,2012-11-26
303173,Fennecus ,【耳+郭】狐（屬）,,2012-11-26
303174,fenestrated membrane,網孔膜,,2012-11-26
303175,fenestra,窗；孔,,2012-11-26
303176,femur; thigh bone,股骨；腿節,,2012-11-26
303177,femoro-tibia articulation,股脛關節,,2012-11-26
303178,femoro-patellar articulation,股膝關節,,2012-11-26
303179,femoral vein,股靜脈,,2012-11-26
303180,femoro-alary organ,腿翅發音器,,2012-11-26
303181,femoral scute,股盾,,2012-11-26
303182,femoral plate,股板,,2012-11-26
303183,femoral nerve,股神經,,2012-11-26
303184,femoral lymph-sac,股淋巴囊,,2012-11-26
303185,femoral gland,股腺,,2012-11-26
303186,femoral artery,股動脈,,2012-11-26
303187,feminizing syndrome,女（雌）性化症候群,,2012-11-26
303188,feminization,女（雌）性化,,2012-11-26
303189,female urethra,雌性尿道,,2012-11-26
303190,female pseudohermaphrotidism,女性假陰陽症,,2012-11-26
303191,female pronucleus,卵原核,,2012-11-26
303192,female pore,雌性生殖孔,,2012-11-26
303193,female parthenogenesis,孤雌生殖；單性生殖,,2012-11-26
303194,female genital pore,雌性生殖孔,,2012-11-26
303195,female genital organ,雌性生殖器,,2012-11-26
303196,female gamete,雌配子,,2012-11-26
303197,female cell,雌細胞,,2012-11-26
303198,female,雌性；雌性的,,2012-11-26
303199,fellic acid,膽酸,,2012-11-26
303200,fel; bile,膽汁,,2012-11-26
303201,Felis yagouaroindi tolteca ,南美獺貓,,2012-11-26
303202,Felis yagouaroindi panamensis ,巴拿馬獺貓,,2012-11-26
303203,Felis yagouaroindi fossala ,南美獺貓,,2012-11-26
303204,Felis yagouaroindi caromith ,南美獺貓,,2012-11-26
303205,Felis wiedii salivinia ,瓜地馬拉豹貓,,2012-11-26
303206,Felis wiedii nicaraguae ,尼加拉瓜豹貓,,2012-11-26
303207,Felis tigrina oncilla ,美洲虎貓,,2012-11-26
303208,Felis temmincki ,譚氏金貓,,2012-11-26
303209,Felis serval ,藪貓,,2012-11-26
303210,Felis rufus ,美國大山貓,,2012-11-26
303211,Felis rufa escuinapae ,墨西哥山貓,,2012-11-26
303212,Felis rubiginosa ,花斑貓,,2012-11-26
303213,Felis planiceps ,扁頭貓,,2012-11-26
303214,Felis pardina ,大山貓,,2012-11-26
303215,Felis pardalis mitis ,小豹貓,,2012-11-26
303216,Felis pardalis mearnsi ,哥斯大黎加豹貓,,2012-11-26
303217,Felis pardalis ,美洲豹貓,,2012-11-26
303218,Felis nigripes ,黑足貓,,2012-11-26
303219,Felis marmorata ,紋貓,,2012-11-26
303220,Felis lynx ,歐亞大山貓,,2012-11-26
303221,Felis jacobita ,安地斯山貓,,2012-11-26
303222,Felis concolor cougar ,美洲山獅,,2012-11-26
303223,Felis concolor costaricensis ,哥斯大黎加山獅,,2012-11-26
303224,Felis concolor coryi ,佛羅里達山獅,,2012-11-26
303225,Felis concolor ,山獅,,2012-11-26
303226,Felis catus ,家貓,,2012-11-26
303227,Felis caracal ,波斯黑耳貓,,2012-11-26
303228,Felis bengalensis chinensis ,石虎；華南豹貓,,2012-11-26
303229,Felis bengalensis ,豹貓,,2012-11-26
303230,FELIDAE,貓科,,2012-11-26
303231,Felis ,貓（屬）,,2012-11-26
303232,feeler,觸角,,2012-11-26
303233,FEERUNGULATA,猛獸蹄獸類,,2012-11-26
303234,feeding polyp,營養芽螅,,2012-11-26
303235,feeding migration,索餌迴游,,2012-11-26
303236,feedback control,迴饋控制,,2012-11-26
303237,feeding,覓食；營養,,2012-11-26
303238,feedback,迴饋,,2012-11-26
303239,feeble-mindedness,意志薄弱症；癡呆,,2012-11-26
303240,fecundity,繁殖力,,2012-11-26
303241,fecundation,受胎；受孕,,2012-11-26
303242,fecula,蟲糞,,2012-11-26
303243,feces,糞便,,2020-03-11
303244,fecal sample,糞便樣本,,2012-11-26
303245,fecal-borne,糞便傳染,,2012-11-26
303246,febrility; feverishness,發熱,,2012-11-26
303247,feather tract; pterylae,羽區,,2012-11-26
303248,feather star,海羊齒,,2012-11-26
303249,feather space; apteria,裸區,,2012-11-26
303250,feather pulp,羽髓,,2012-11-26
303251,feather papilla,羽乳頭,,2012-11-26
303252,feather germ,羽胚；羽芽,,2012-11-26
303253,feather follicle,羽囊,,2012-11-26
303254,feather epithelium,羽緣上皮,,2012-11-26
303255,Fea's Viper,白頭蝰,,2020-03-09
303256,fear response,懼怕反應,,2012-11-26
303257,favoid,蜂窩狀,,2012-11-26
303258,FAVIIDAE,菊珊瑚科,,2012-11-26
303259,faveolus,小窩,,2012-11-26
303260,faunula,動物小區系,,2012-11-26
303261,fauna,動物相,,2012-11-26
303262,faunal realm,動物分佈區,,2012-11-26
303263,fauces; throat,咽門；螺殼口,,2012-11-26
303264,fatty streak,脂紋,,2012-11-26
303265,fatty droplets,脂肪小滴,,2012-11-26
303266,fatty degeneration,脂肪變性,,2012-11-26
303267,fatty acid,脂肪酸,,2012-11-26
303268,fatality rate,致死率,,2012-11-26
303269,fatal infection,致死傳染,,2012-11-26
303270,fatal humidity,致死濕度,,2012-11-26
303271,fatal dryness,致死乾燥度,,2012-11-26
303272,Fat-tailed Gecko,半爪虎,,2020-03-11
303274,fat soluble vitamin,脂溶性維生素,,2012-11-26
303275,fat gland,脂肪腺,,2012-11-26
303276,fat cell,脂肪細胞,,2012-11-26
303277,fat body,脂肪體,,2012-11-26
303278,fat,脂肪,,2012-11-26
303279,fasting hypoglycemia,空腹低血糖,,2012-11-26
303280,fasting,絕食；禁食,,2012-11-26
303281,fastigium,尖頂；極頂,,2012-11-26
303282,Fasciolopsis buski ,薑片蟲,,2012-11-26
303283,FASCIOLARIIDAE,旋螺科,,2012-11-26
303284,Fasciola hepatica ,肝蛭；肝吸蟲,,2012-11-26
303285,fasciculus (pl. -li); fascicle,神經纖維束；小束,,2012-11-26
303286,fasciation,成束,,2012-11-26
303287,fascia (pl. -ciae),肌膜,,2012-11-26
303288,farsightedness,遠視,,2012-11-26
303289,farradic current,感應電流,,2012-11-26
303290,Farmland Green Treefrog,諸羅樹蛙,,2020-03-13
303291,FANNIIDAE,小家蠅科,,2012-11-26
303292,fangtooth,狼牙魚,,2012-11-26
303293,fangs; poison fangs,毒牙,,2012-11-26
303294,fan,尾羽,,2012-11-26
303295,family,科；家族,,2012-11-26
303296,falx,鐮；鐮形內突,,2012-11-26
303297,Falso viper ,擬龜殼花,,2012-11-26
303298,False Viper,擬龜殼花,,2020-03-19
303299,false vocal cords,假聲帶,,2012-11-26
303300,false vertebrae,假椎,,2012-11-26
303301,false twin; fraternal twin,異卵雙生；假雙生,,2012-11-26
303302,false trevallies,乳香魚科俗名,,2012-11-26
303303,false thyroid gland; pseudothyroid gland,假甲狀腺,,2012-11-26
303304,false spiracle,假氣門,,2012-11-26
303305,false rib,假肋,,2012-11-26
303306,false regeneration,假再生,,2012-11-26
303307,false nipple,假乳頭,,2012-11-26
303308,false hermaphroditism,假雌雄同體,,2012-11-26
303309,false gill,假鰓,,2012-11-26
303310,false egg,假卵,,2012-11-26
303311,false amnion cavity,假羊膜腔,,2012-11-26
303312,false amnion,假羊膜,,2012-11-26
303313,fallopian tube; tuba uterina; oviduct,輸卵管,,2012-11-26
303314,FALCONIDAE,隼科,,2012-11-26
303315,Falcon,隼,,2012-11-26
303316,Falco tinnunculus,紅隼,,2018-08-27
303317,Falco peregrinus ,遊隼,,2012-11-26
303318,falciform process,鐮狀突,,2012-11-26
303319,falciform ligament,鐮狀韌帶,,2012-11-26
303320,falciform bone,鐮狀骨,,2012-11-26
303321,falciform,鐮狀,,2012-11-26
303322,falces; chelicerae,鋏角；螫角,,2012-11-26
303323,falcate,鐮狀的,,2012-11-26
303324,fainting,昏厥,,2012-11-26
303325,faeces,糞便,,2020-03-11
303327,facultative saprophyte,兼性死物寄生菌,,2012-11-26
303328,facultative regeneration,適性再生,,2012-11-26
303329,facultative parthengenesis,兼性單性生殖,,2012-11-26
303330,facultative parasites,兼性活物寄生菌,,2012-11-26
303331,facultative anaerobic,兼性厭氣菌,,2012-11-26
303332,facultative aerobic,兼性需氣菌,,2012-11-26
303333,facultative,兼性的；偶發的,,2012-11-26
303334,factor,因子；基因,,2012-11-26
303335,facilitation,便利作用；促進作用,,2012-11-26
303336,facilitated diffusion,促進擴散；易化擴散,,2012-11-26
303337,facilitated anabolism,促進合成代謝,,2022-06-10
303338,facies posterior,後面,,2012-11-26
303339,facies medialis,內側面,,2012-11-26
303340,facies lateralis,外側面,,2012-11-26
303341,facies inferior,下面,,2012-11-26
303342,facies anterior,前面,,2012-11-26
303343,facies,面；面容；貌,,2012-11-26
303344,faciation,優勢種群集,,2012-11-26
303345,facial surface,頰面,,2012-11-26
303346,facial ridge,顏脊,,2012-11-26
303347,facial plate,顏板,,2012-11-26
303348,facial nerve,顏面神經,,2012-11-26
303349,facial muscle,顏面肌,,2012-11-26
303350,facial canal,面神經管,,2012-11-26
303351,facial bristle,顏鬃,,2012-11-26
303352,facial artery,面動脈,,2012-11-26
303353,facial angle,顏角,,2012-11-26
303354,facet,小眼面；小鏡面；小眼,,2012-11-26
303355,Fabrrosaurus ,鳥腳龍（屬）,,2012-11-26
303356,fabella,豆骨,,2012-11-26
303357,F2 (second filial),第二子代,,2012-11-26
303358,F1 (first filial),第一子代,,2012-11-26
303359,F plasmid,F質粒,,2012-11-26
303360,F pili,致孕纖毛,,2012-11-26
303361,eye stalk,眼柄,,2012-11-26
303362,eye spot,眼點,,2012-11-26
303363,eye muscle,眼肌,,2012-11-26
303364,eye lid,眼瞼；眼皮,,2012-11-26
303365,eye lash,眼睫；睫毛,,2012-11-26
303366,eye cup,眼杯,,2012-11-26
303367,eye bud,眼芽,,2012-11-26
303368,eye brush,眼刷,,2012-11-26
303369,eye brow ridge,眉,,2012-11-26
303370,eye brow,眉,,2012-11-26
303371,eye ball,眼球,,2012-11-26
303372,exuvium (pl. -via),蛻皮,,2012-11-26
303373,exuviation,蛻皮作用,,2012-11-26
303374,exuvial gland; moulting gland,蛻皮腺,,2012-11-26
303375,exuvial fluid,蛻皮液,,2012-11-26
303376,exumbrella,傘上部,,2012-11-26
303377,exudate,滲出物；滲出液,,2012-11-26
303378,extrusion,核的排除,,2012-11-26
303379,extrinxic factor,外在因素,,2012-11-26
303380,extrinsic muscle,外表肌,,2012-11-26
303381,extrinsic,外來的,,2012-11-26
303382,extremity,肢；肢端,,2012-11-26
303383,extravaste,外滲；外沉,,2012-11-26
303384,extrauterine pregnancy; extopic pregnancy,子宮外孕,,2012-11-26
303385,extrasensory perception (ESP),感官外感覺,,2012-11-26
303386,extrapyramidal system,錐體外系統,,2012-11-26
303387,extramedullary hemopoiesis,骨髓外造血作用,,2012-11-26
303388,extragenic mutation,基因外突變,,2012-11-26
303389,extra-embryonic splanchnopleure,胚外臟壁層,,2012-11-26
303390,extra-embryonic somatopleure,胚外體壁層,,2012-11-26
303391,extra-embryonic mesoderm,胚外中層；胚外中胚層,,2012-11-26
303392,extra-embryonic membrane,胚外膜,,2012-11-26
303393,extra-embryonic coelom,胚外體腔,,2020-03-11
303394,extraction,提煉法；浸出法,,2012-11-26
303395,extrachromosomal factors,染色體外因素,,2012-11-26
303396,extracellular proteolytic enzyme,胞外蛋白分解酶,,2012-11-26
303397,extracellular matrix,細胞外基質,,2012-11-26
303398,extracellular digestion,胞外消化,,2012-11-26
303399,extrabranchial chamber,圍鰓腔,,2012-11-26
303400,extrabranchial cartilage,鰓外軟骨,,2012-11-26
303401,extirpation,摘除,,2012-11-26
303402,extinction,滅絕；潛隱；內阻抑,,2012-11-26
303403,extinct species,滅絕種,,2012-11-26
303404,extinct,絕種,,2012-11-26
303405,extima,脈管壁外層,,2012-11-26
303406,exterofective (nervous system),外律神經系,,2012-11-26
303407,exteroceptor,外受器,,2012-11-26
303408,exteroceptive ending,外受器末梢,,2012-11-26
303409,externalia,外生殖器；外陰部,,2012-11-26
303410,external york sac,外卵黃囊,,2012-11-26
303411,external spermatic artery,外精索動脈,,2012-11-26
303412,external skeleton,外骨骼,,2012-11-26
303413,external secretion,外分泌,,2012-11-26
303414,external respiration,外呼吸,,2012-11-26
303415,external phase,外相；外質,,2012-11-26
303416,external parasitism,外寄生,,2012-11-26
303417,external parasites,外寄生蟲,,2012-11-26
303418,external opening; spiracle,氣門,,2012-11-26
303419,external genitalia,外生殖器,,2012-11-26
303420,external fertilization,體外受精,,2012-11-26
303421,external cuneiform,外楔骨,,2012-11-26
303422,external cremaster,外睪舉肌,,2012-11-26
303423,external auditory meatus; e. acoustic meatus,外耳道,,2012-11-26
303424,exterioreceptors,外受器,,2012-11-26
303425,exterior palpi,外鬚,,2012-11-26
303426,exterior genitalia,外生殖器,,2012-11-26
303427,extensor caudae,伸尾肌,,2012-11-26
303428,extensor muscle,伸展；伸肌,,2012-11-26
303429,extant,現存的,,2012-11-26
303430,expulsion; in labor,生產排出,,2012-11-26
303431,expressivity,表現（顯性）度,,2012-11-26
303432,exponential growth,指數生長,,2012-11-26
303433,expiration,呼氣,,2012-11-26
303434,explantation; in vitro culture,體外培養,,2012-11-26
303435,exotropism,外屈性,,2012-11-26
303436,exotoxin,外毒素,,2012-11-26
303437,exotic species,外來種,,2012-11-26
303438,exothermic reaction,放熱反應,,2012-11-26
303439,exospore,分子孢子；孢子外壁,,2012-11-26
303440,exosmosis,外滲,,2012-11-26
303441,exoskeleton,外骨骼,,2012-11-26
303442,EXOPTERYGOTE,外翅類,,2012-11-26
303443,exopodite,外肢,,2012-11-26
303444,exoplasm,外質,,2012-11-26
303445,exophthalmos producing substance,致突眼物,,2012-11-26
303446,exophthalmos,突眼症,,2012-11-26
303447,exophthalmic ophthalmoplegia,突眼性眼肌麻痺,,2012-11-26
303448,exophthalmic goiter,突眼性甲狀腺腫,,2012-11-26
303449,exopeptidase,外胜酶,,2012-11-26
303450,exon,外顯子；表現序列,,2012-11-26
303451,exogenous toxin,外毒素,,2012-11-26
303452,exogenous pigements,外生色素,,2012-11-26
303453,exogenous metabolism,外生性代謝,,2012-11-26
303454,exogenous infection,外來傳染,,2012-11-26
303455,exogenous cycle,外生環,,2012-11-26
303456,exogenous budding,外生出芽,,2012-11-26
303457,exogenous,外長的；外生的,,2012-11-26
303458,exogastrula,外原腸胚,,2012-11-26
303459,exogamy,異系交配,,2012-11-26
303460,exogamete,異系配子,,2012-11-26
303461,exoenzyme,胞外酶,,2012-11-26
303462,exodic,傳出的,,2012-11-26
303463,exodermis,外皮層；外胚層,,2012-11-26
303464,exoderm; dermal epithelium,皮層,,2012-11-26
303465,exocytosis,胞外分泌,,2012-11-26
303466,exocuticle (exocuticula),外表皮；外皮層,,2012-11-26
303467,exocrine; exocrin,外分泌,,2012-11-26
303468,exocrine gland,外分泌腺,,2012-11-26
303469,exocone eye,外圓錐眼,,2012-11-26
303470,Exocoetus valitans ,大頭飛魚,,2012-11-26
303471,Exocoetus monocirrhus ,單鬚飛魚,,2012-11-26
303472,exocoelom,胚外體腔,,2020-03-11
303473,exocoel,外腔,,2012-11-26
303474,exochorion,外卵殼,,2012-11-26
303475,exoccipital bone,外枕骨,,2012-11-26
303476,exoccipital condyle,外枕髁,,2012-11-26
303477,exoccipital,外枕骨的,,2012-11-26
303478,exocardiac,心外的,,2012-11-26
303479,exobiotic,物外寄生的,,2012-11-26
303480,exo-amylase,外澱粉酶,,2012-11-26
303481,exites,外小葉,,2012-11-26
303482,exhibitionism,露體狂,,2012-11-26
303483,exhalation,呼出,,2012-11-26
303484,exhalant siphon,出水管,,2012-11-26
303485,exhalant sinus,出水腔,,2012-11-26
303486,exhalant,排出,,2012-11-26
303487,exfoliative dermatitis,剝落性皮炎,,2012-11-26
303488,exfoliation,剝落,,2012-11-26
303489,exflagellation,小配子形成,,2012-11-26
303490,exergonic reaction,放能反應,,2012-11-26
303491,excutellate,無小盾的,,2012-11-26
303492,excurrent siphon,出水管,,2012-11-26
303493,excurrent canal,出水溝,,2012-11-26
303494,excretory system,排泄系統,,2012-11-26
303495,excretory vesicle,排泄囊,,2012-11-26
303496,excretory pore,排泄孔,,2012-11-26
303497,excretory organ,排泄器,,2012-11-26
303498,excretory gland,排泄腺,,2012-11-26
303499,excretory cell,排泄細胞,,2012-11-26
303500,excretory canal,排泄管,,2012-11-26
303501,excretion,排泄；排泄作用,,2012-11-26
303502,excitonutrient,營養激增,,2012-11-26
303503,excitatory postsynaptic,興奮性突觸後位能,,2012-11-26
303504,excitation,興奮,,2012-11-26
303505,excitability,興奮性,,2012-11-26
303506,excelsin,巴西果蛋白,,2012-11-26
303507,excavation; excavatio,陷凹,,2012-11-26
303508,exarate pupa; free pupa,裸蛹；鏤蛹,,2012-11-26
303509,Exallias brevis ,短多鬚[魚尉],,2012-11-26
303510,exalate,無翅的,,2012-11-26
303511,Evynnis japonica ,日本真鯛,,2012-11-26
303512,Evynnis cardinalis ,血鯛；魬鯛,,2012-11-26
303513,evolutionary invention,演化的創作,,2012-11-26
303514,evolution,演化；演化論,,2012-11-26
303515,evocator,催發育素,,2012-11-26
303516,eversible sac,外翻囊,,2012-11-26
303517,eviseration,切臟自衛法,,2012-11-26
303518,EVERMANNELLIDAE,齒口魚科；刀齒魚科,,2012-11-26
303519,evergreen forests,常綠森林,,2012-11-26
303520,EVENTOGNATHIDA; CYPRINIFORMES,常頜目,,2012-11-26
303521,EVANIIDAE,細蜂科,,2012-11-26
303522,evagination,外突,,2012-11-26
303523,Euycaulus persimilus ,扁尾鶴鱵,,2012-11-26
303524,eutrophication,優養化,,2012-11-26
303525,eutrophic changes,富營養的變化,,2012-11-26
303526,eutrophic,富營養的,,2012-11-26
303527,Eutrigla gurnardus ,真魴鮄,,2012-11-26
303528,eutopic secretion,正位分泌,,2012-11-26
303529,eutocin,順產素,,2012-11-26
303530,euthyroidism,甲狀腺官能正常,,2012-11-26
303531,euthyroid sick syndrome,甲狀腺官能病症候群,,2012-11-26
303532,EUTHYNEUROUS,直經類,,2012-11-26
303533,Euthynnus affinis ,巴鰹,,2012-11-26
303534,euthermophilous,真喜溫的,,2012-11-26
303535,EUTHERIA,真獸下綱；真獸亞網,,2012-11-26
303536,euthenics,優境學,,2012-11-26
303537,Eutetranychus orientalis  (Klein),東方褐葉蟎,,2012-11-26
303538,EUTAENIOPHORIDAE,帶尾魚科,,2012-11-26
303539,EUSUCHIA,正鱷目,,2012-11-26
303540,eusternum,主腹片；真腹板,,2012-11-26
303541,Eustachian tube,耳咽管；歐式管,,2012-11-26
303542,eusocial insects,真社會性昆蟲,,2012-11-26
303543,Eusceps postfasciatus  Fairmaire,甘藷象鼻蟲,,2012-11-26
303544,Eusauropleura ,橋堅蜥（屬）,,2012-11-26
303545,eurythermal; eurythermic; eurythermous,廣溫的,,2012-11-26
303546,EURYPYGIDAE,日鳽科,,2012-11-26
303547,EURYPTERIDA,廣翼亞綱,,2012-11-26
303548,Eurypholis major bicarinata ,青蛇（變異種）,,2012-11-26
303549,Eurypholis major ,青蛇,,2012-11-26
303550,Eurypholis ,青蛇（屬）,,2012-11-26
303551,EURYPHARYNGIDAE,寬咽鰻科,,2012-11-26
303552,euryphagous,廣食性的,,2012-11-26
303553,euryoxybiont,廣酸性生物,,2012-11-26
303554,euryoecious,廣棲性的,,2012-11-26
303555,Eurylambda ,相稱齒獸（屬）,,2012-11-26
303556,EURYLAIMIDAE,闊嘴鳥科,,2012-11-26
303557,EURYLAIM,廣喙亞目,,2012-11-26
303558,euryhygric,廣濕性的,,2012-11-26
303559,euryhyaline,廣鹽性的,,2012-11-26
303560,eurybenthic,廣（海）底棲性的,,2012-11-26
303561,EURYAPSIDA,闊弓亞綱,,2012-11-26
303562,eurybathic,廣深度（海）性的,,2012-11-26
303563,EURYALAE,蔓星目,,2012-11-26
303564,Eurhinosaurus ,真鼻龍（屬）,,2012-11-26
303565,Eurasian Wigeon,赤頸鴨,,2012-11-26
303566,Eurasian Nuthatch,茶腹鳾,,2012-11-26
303567,Eurasian Kestrel,紅隼,,2012-11-26
303568,EUPTEROTIDAE,帶蛾科,,2012-11-26
303569,Euproctis taiwana  (Shiraki),葡萄黃毒蛾,,2020-03-09
303570,Euproctis conspersa  Butler; Euproctis pseudoconspersa  Strand,茶毒蛾,,2012-11-26
303571,Euprepes ruhstrati ,長尾南蜥（異名）,,2012-11-26
303572,eupotamoplankton,真河流性浮游生物,,2012-11-26
303573,eupotamic,真河流性的,,2012-11-26
303574,euploid,整倍體,,2012-11-26
303575,EUPLEXOPTERA,疊翅目,,2012-11-26
303576,Eupleres goudotii ,瘦小齒猯,,2012-11-26
303577,Euplectella ,偕老同穴（屬）,,2012-11-26
303578,euplastic,適於組織形成的,,2012-11-26
303579,euplankton,真浮游生物,,2012-11-26
303580,Euphractus sexcinctus ,六帶犰狳,,2012-11-26
303581,Euphractus ,六帶犰狳（屬）,,2012-11-26
303582,euphotic zone,透光區,,2012-11-26
303583,euphotic region,透光區,,2012-11-26
303584,euphoria;drug-induced,藥物引致的精神欣快症,,2012-11-26
303585,euphoria,溢樂症；興快症,,2012-11-26
303586,EUPHAUSIACEA,磷蝦目,,2012-11-26
303587,Euparkeria ,擬鱷類（屬）,,2012-11-26
303588,Eupantothere,真汎獸類,,2012-11-26
303589,Euopocephalus ,頭甲龍（屬）,,2012-11-26
303590,eunuchoidism,類閹人病,,2012-11-26
303591,eunuchism,閹人狀態,,2012-11-26
303592,eunuch,閹人,,2012-11-26
303593,Eunotosaurus ,原龜（屬）,,2012-11-26
303594,Eunectes murinus,綠森蚺,,2020-03-13
303595,eumitosis,模式有絲分裂,,2012-11-26
303596,EUMETAZOA,真後生動物,,2012-11-26
303597,eumelanin,真黑色素,,2012-11-26
303598,Eumeces marginatus ,沖繩石龍子,,2012-11-26
303599,Eumeces laticeps,寬頭石龍子,,2020-03-18
303600,Eumeces elegans,麗紋石龍子,,2020-03-19
303601,Eumeces chinensis leucostictus,白斑中國石龍子,,2020-03-09
303602,Eumeces chinensis formosensis,台灣中國石龍子,,2020-03-09
303603,Eumeces chinensis,中國石龍子,,2020-03-18
303604,Eumeces barbouri ,巴氏石龍子,,2012-11-26
303605,EUMALACOSTRACA,真軟甲類,,2012-11-26
303606,eulittoral community,真沿岸群集,,2012-11-26
303607,EULIMOIDEA,香燭螺超科（瓷螺超科）,,2012-11-26
303608,EULIMODAE,香燭螺科（瓷螺科）,,2012-11-26
303609,EULAMELLIDRANCHIA,真瓣鰓目,,2012-11-26
303610,eukaryotic cell,真核細胞,,2012-11-26
303611,eukaryotic,真核的,,2012-11-26
303612,eukaryotes,真核生物,,2012-11-26
303613,euhaline,鹽生生物,,2012-11-26
303614,Eugyrinus,離椎類,,2012-11-26
303615,Eugongylus albofasciolatus,斑節石龍子,,2020-03-11
303616,eugonadotropism,正常促性腺體質；促性腺官能正常,,2012-11-26
303617,eugonadotropic syndrome,正常促性腺症候群,,2012-11-26
303618,euglycemic insulin clamp technique,正常血糖胰島素鉗制術,,2012-11-26
303619,euglobulin,真球蛋白,,2012-11-26
303620,EUGLENOPHYTA,裸藻門,,2012-11-26
303621,Euglenoids,眼蟲類,,2012-11-26
303622,EUGLENOIDEA,眼蟲目,,2012-11-26
303623,Euglena ,眼蟲（屬）,,2012-11-26
303624,eugenics,優生學,,2012-11-26
303625,eugenic sterilization,優生絕種,,2012-11-26
303626,Euelephantoids,真象類,,2012-11-26
303627,eudipleural,兩側對稱,,2012-11-26
303628,EUCOSMIDAE,小捲葉蛾科,,2012-11-26
303629,Eucosma notanthes  Meyrick,楊桃花姬捲葉蛾；楊桃果實柱蟲,,2012-11-26
303630,EUCOPEPODA,真撓腳目,,2012-11-26
303631,eucone eye,正圓錐眼,,2012-11-26
303632,eucone,晶錐體的,,2012-11-26
303633,eucoen,嚴格生物群集,,2012-11-26
303634,EUCOELOMATA,真體腔動物,,2012-11-26
303635,EUCINETIDAE,扁腿花蚤科,,2012-11-26
303636,EUCILIATA,真纖毛亞綱,,2012-11-26
303637,euchromosome; autosome,普通染色質,,2012-11-26
303638,euchromocenter,真染色質中心,,2012-11-26
303639,euchromatin,真染色質,,2012-11-26
303640,EUCESTODA; CESTODA,真絛蟲亞綱,,2012-11-26
303641,eucephalous,顯頭蚴,,2012-11-26
303642,Eublepharis macularius,豹紋守宮,,2020-03-18
303643,EUBLASTOIDEA,正海蕾綱,,2012-11-26
303644,Eubalaena glacialis ,北露脊鯨,,2012-11-26
303645,Eubacteria,真細菌類,,2012-11-26
303646,euarthrosis; bull and socket joint,杵臼關節,,2012-11-26
303647,Etrumeus teres ,臭肉鰛；脂眼鯡,,2012-11-26
303648,Etmopterus lucifer ,燈籠棘鮫,,2012-11-26
303649,etiology,病源學,,2020-03-06
303650,Etiella zinckenella  Treitschke,白緣螟蛾,,2012-11-26
303651,ethyl alcohol,乙醇；酒精,,2012-11-26
303652,ethology,行為學；民俗學,,2012-11-26
303653,etholene,乙烯,,2012-11-26
303654,ethnology,人種學,,2012-11-26
303655,ethnography,人種誌,,2012-11-26
303656,ethmovomerine,篩鋤骨區,,2012-11-26
303657,ethmoidalia,篩區,,2012-11-26
303658,ethmoturbinate,篩鼻甲骨,,2012-11-26
303659,ethmoid region,篩骨區,,2012-11-26
303660,ethmoid plate,篩板,,2012-11-26
303661,ethmoid labyrinth,篩骨迷路,,2012-11-26
303662,ethmoid foramen,篩孔,,2012-11-26
303663,ethmoid cornu,篩角,,2012-11-26
303664,ethmoid bone,篩骨,,2012-11-26
303665,ethmohystylic,篩舌接合法,,2012-11-26
303666,ethiopian region,衣索匹亞區,,2012-11-26
303667,Ethiopian realm,衣索匹亞界；非洲界,,2012-11-26
303668,ethics; scientific,科學倫理,,2012-11-26
303669,ether,乙醚,,2012-11-26
303670,etheogenesis,孤雌生殖；產雄孤雌生殖,,2012-11-26
303671,ethanolamin; aminoethanol; calamine,乙醇胺,,2012-11-26
303672,ethanol; ethyl alcohol,乙醇；酒精,,2012-11-26
303673,ethane,乙烷,,2012-11-26
303674,Etelis radiosus ,大口濱鯛,,2012-11-26
303675,Etelis coruscans ,長尾濱鯛,,2012-11-26
303676,Etelis carbunculus ,濱鯛,,2012-11-26
303677,estuary,河口,,2012-11-26
303678,Estuarine Crocodile,灣鱷,,2020-03-06
303679,estrus,動情,,2020-03-09
303680,estrous cycle,動情週期,,2012-11-26
303681,estrogen; estrin; estrone; theelin,動情激素,,2012-11-26
303682,estriol; theelol; oestriol,動情三醇,,2012-11-26
303683,estrin; estrogenic hormone; estrone; oestrin,動情素,,2012-11-26
303684,ESTRILDIDAE,梅花雀科,,2012-11-26
303685,estradiol; oestradiol; diahydrothelin,動情二醇,,2012-11-26
303686,esterase,酯酶,,2012-11-26
303687,estivation,夏眠,,2012-11-26
303688,ester bond,酯鍵,,2012-11-26
303689,ester,酯,,2012-11-26
303690,essential compound,主要化合物,,2012-11-26
303691,essential amino acids,必需胺基酸,,2012-11-26
303692,essential aggregation,互利集團,,2012-11-26
303693,espohageal epithelium,食道粘膜,,2012-11-26
303695,esophagus,食道；食管,,2020-03-11
303696,esophageal sphincter,食道括約肌,,2012-11-26
303697,esophageal ring,食道神經環,,2012-11-26
303698,esophageal commissure,食道連合神經,,2012-11-26
303699,esophageal artery,食道動脈,,2012-11-26
303700,eserine,毒扁豆鹼,,2012-11-26
303701,ESOCIDAE,狗魚科,,2012-11-26
303702,eseptate,無隔膜的,,2012-11-26
303703,escutcheon,小盾板；盾窪；腰斑,,2012-11-26
303704,Eschrichtius robustus ,灰鯨,,2012-11-26
303705,ESCHRICHTIIDAE,灰鯨科,,2012-11-26
303706,Escherichia coli ,大腸桿菌,,2012-11-26
303707,Escherichia ,大腸菌（屬）,,2012-11-26
303708,erythrotoxin,紅血球毒素,,2012-11-26
303709,Erythrosuchus ,紅鱷（屬）,,2012-11-26
303710,erythropterin,翅紅素,,2012-11-26
303711,erythropsin,視紅素,,2012-11-26
303712,erythroprecipitin,紅血球沈澱素,,2012-11-26
303713,erythropoietin,紅血球生成素；生血素,,2012-11-26
303714,erythropoiesis,造血作用,,2012-11-26
303715,erythrophage,噬紅血球細胞,,2012-11-26
303716,erythromycin,紅黴素,,2012-11-26
303717,erythromelalgia,肢端紅痛症,,2012-11-26
303718,erythrolysis,溶血作用,,2012-11-26
303719,erythrolysin,溶血素；溶血球素,,2012-11-26
303720,erythroid colony forming unit,紅血球形成單位,,2012-11-26
303721,erythrogenesis,紅血球之發生,,2012-11-26
303722,erythrocytosis,紅血球增多,,2012-11-26
303723,erythrocytomertry,紅血球計數法,,2012-11-26
303724,erythrocytolysis,紅血球溶解,,2012-11-26
303725,erythrocyte,紅血球,,2012-11-26
303726,Erythroculter oxycephalus ,尖嘴紅鮊魚,,2012-11-26
303727,Erythroculter ilishaeformis ,翹嘴紅鮊魚,,2012-11-26
303728,erythrocruorin,擬血紅素,,2012-11-26
303729,Erythrocles schlegelii ,諧魚；薛氏【魚+志】,,2012-11-26
303730,Erythrocebus patas ,赤猴,,2012-11-26
303731,Erythrocebus ,赤猴（屬）,,2012-11-26
303732,erythroblastosis fetalis,胎性母紅血球病,,2012-11-26
303733,erythroblas,有核紅血球；紅血球母細胞,,2012-11-26
303734,ERYTHRINIDAE,虎齒鯉科；紅齒鯉科,,2012-11-26
303735,erythematous,紅斑性的；紅斑的,,2012-11-26
303736,erysipelas,丹毒,,2012-11-26
303737,Eryops ,堅頭類之一屬,,2012-11-26
303738,ERYCINIDAE,神廟蛤科,,2012-11-26
303739,eruciform larva,蠋型蚴,,2012-11-26
303740,eruciform,蠋型；蠕蟲型,,2012-11-26
303741,erucic acid,蕓苔酸,,2012-11-26
303742,erruca,蠋,,2012-11-26
303743,Erthesina fullo  (Thunberg),黃斑椿象,,2012-11-26
303744,ERROLICHTHYIDAE,迷鱘科,,2012-11-26
303745,ERRANTIA,游走目（亞綱）,,2012-11-26
303746,EROTYLIDAE,大蕈蟲科,,2012-11-26
303747,erotic sensation,性愛感覺；情色感覺,,2012-11-26
303748,erosion valley,侵蝕谷,,2012-11-26
303749,erosion,侵蝕；磨損；糜爛,,2012-11-26
303750,Erosa erosa ,達摩毒鮋,,2012-11-26
303751,Erithacus johnstoniae ,栗背林鴝,,2012-11-26
303752,eri-silkworm,蓖麻蠶,,2012-11-26
303753,ERIOPHYIDAE,蟲癭壁蝨科；蟲癭鮃科,,2012-11-26
303754,Eriophyes litchii  (Keifer); Aceria litchii Keifer,銹蟎；荔枝氈蟎,,2012-11-26
303755,eriodictin,聖草苷,,2012-11-26
303756,ERIOCRANIDAE,吸小翅蛾科,,2012-11-26
303757,ERIOCOCCIDAE,粉介殼蟲科,,2012-11-26
303758,Erinaceus ,歐亞刺猥（屬）,,2012-11-26
303759,ERINACCIDAE,刺蝟科,,2012-11-26
303760,erichthus; pseudozaoea,假水蚤期,,2012-11-26
303761,erichthoidina (stage),原水蚤期,,2012-11-26
303762,Ericerus pela  Chavannes,白蠟蟲,,2012-11-26
303763,ergothioneine,麥角組織胺基硫,,2012-11-26
303764,ergotamine,麥角胺,,2012-11-26
303765,ergot derivative,麥角衍化物,,2012-11-26
303766,ergot,麥角,,2012-11-26
303767,ergosterol; ergosterin,麥角固醇,,2012-11-26
303768,ergophore group,凝集族,,2012-11-26
303769,ergonomy; ergonomia,分工作用；形性分化,,2012-11-26
303770,ergocalciferol,麥角沈鈣醇,,2012-11-26
303771,ergatogyne,類工雄蟻,,2012-11-26
303772,ergatandromoropha,工雄蟻,,2012-11-26
303773,ergastoplasm,動質,,2012-11-26
303774,erg,爾格（功的單位）,,2012-11-26
303775,EREUNIIDAE,短鰭杜父魚科；旋杜父魚,,2012-11-26
303776,ERETMOPHORIDAE,槳鱈科,,2012-11-26
303777,Eretmochelys imbricata,玳瑁,,2020-03-19
303778,ERETHIZONTIDAE,美洲豪豬科,,2012-11-26
303779,Erethizon dorsatum ,北美豪豬,,2012-11-26
303780,Erethizon ,北美豪豬（屬）,,2012-11-26
303781,erepsin,腸蛋白酶,,2012-11-26
303782,eremophilous,棲居沙漠的,,2012-11-26
303783,eremoparasitism,獨種寄生,,2012-11-26
303784,eremic,沙漠群集,,2012-11-26
303785,Eremias argus,麗斑麻蜥,,2020-03-09
303786,erector muscle,勃肌,,2012-11-26
303787,erection of penis,陰莖勃起,,2012-11-26
303788,erection,勃起作用,,2012-11-26
303789,erectile tissue,勃起組織,,2012-11-26
303790,erectile dysfunction,勃起障礙,,2012-11-26
303791,ERATOIDAE,石榴螺科,,2012-11-26
303792,Equus zebra zebra ,山斑馬,,2012-11-26
303793,Equus zebra hartmannae ,哈特曼山斑馬,,2012-11-26
303794,Equus przewalskii ,蒙古野馬,,2012-11-26
303795,Equus hemionus khur ,印度野驢,,2012-11-26
303796,Equus hemionus hemionus ,蒙古野驢,,2012-11-26
303797,Equus hemionus ,亞洲野驢,,2012-11-26
303798,Equus grevyi ,格列威斑馬,,2012-11-26
303799,Equus caballus ,家馬,,2012-11-26
303800,Equus burchelli ,草原斑馬,,2012-11-26
303801,Equus asinus ,野驢,,2012-11-26
303802,Equus africanus ,非洲野驢,,2012-11-26
303803,Equus ,馬（屬）,,2012-11-26
303804,equivalent zone,等價帶,,2012-11-26
303805,equimolecular solution,等分子溶液,,2012-11-26
303806,equiline,雌馬性素酮,,2012-11-26
303809,equilibrium model of species diversity,種岐異度平衡模式,,2012-11-26
303810,equilibrium dialysis,平衡透析,,2012-11-26
303811,equilibrium constant,平衡常數,,2012-11-26
303812,equilibrium,平衡,,2012-11-26
303813,equilibratory organs,平衡器,,2012-11-26
303814,equilenline,雌馬性素酮,,2012-11-26
303815,equilenin,雌馬性激素,,2012-11-26
303816,equilateral shell,等邊殼,,2012-11-26
303817,EQUIDAE,馬科,,2012-11-26
303818,equatorial plate,赤道板,,2012-11-26
303819,equatorial sporo-germinaiton,中腰發芽；中央發芽,,2012-11-26
303820,equatorial furrow,赤道溝,,2012-11-26
303821,equational maturation division,等熟分裂,,2012-11-26
303822,equal stereoblastula,等實囊胚,,2012-11-26
303823,equal segmentation,等裂,,2012-11-26
303824,equal holoblastula cleavage,等全裂,,2012-11-26
303825,equal coeloblastula,等腔囊胚,,2012-11-26
303826,equal cleavage,等裂；等割,,2012-11-26
303827,epulis,齦瘤；齒旁瘤,,2012-11-26
303828,EPTHIANURDAE,澳[即鳥]科,,2012-11-26
303829,Eptesicus horikawai ,崛川氏棕蝠,,2012-11-26
303830,Eptesicus ,棕蝠（屬）,,2012-11-26
303831,Eptatretus bugeri ,布氏黏盲鰻；浦氏年糯鰻,,2012-11-26
303832,epsilon globin,ε-球蛋白；球蛋白的一種,,2012-11-26
303833,epsilon,希臘字母ε,,2012-11-26
303834,epoophoron,卵巢冠,,2012-11-26
303835,eponychium,瓜甲緣層,,2012-11-26
303836,Epomops franqueti ,無尾肩章果蝠,,2012-11-26
303837,Epomops ,無尾肩章果蝠（屬）,,2012-11-26
303838,epochs,世,,2012-11-26
303839,epizoon,外附生蟲,,2012-11-26
303840,epizoic,外附生的,,2012-11-26
303841,epitrochles,上滑車（肱骨）；上髁,,2012-11-26
303842,epitrichium,胎兒外皮,,2012-11-26
303843,epitoxoid,弱親和類毒素,,2012-11-26
303844,epitope,表位,,2012-11-26
303845,epitoparasite,外寄生,,2020-03-11
303846,EPITONIOIDEA,海獅螺超科,,2012-11-26
303847,EPITONIIDAE,海獅螺科,,2012-11-26
303848,epithelium,上皮；皮膜,,2012-11-26
303849,epithelio-muscular cell,皮肌細胞,,2012-11-26
303850,epitheliofibrillae,上皮性原纖維,,2012-11-26
303851,epithelial tissue,皮膜組織,,2012-11-26
303852,epithelial metaplasia,上皮組織化生；上皮組織變生,,2012-11-26
303853,epithelial like layer,上皮狀層,,2012-11-26
303854,epithelial layer,皮膜層,,2012-11-26
303855,epithelial cell,皮膜細胞,,2012-11-26
303856,epithelial body,上皮體；臟囊上皮體,,2012-11-26
303857,epithelial,皮膜的；上皮的,,2012-11-26
303858,epitheca,上錐殼；外基鞘,,2012-11-26
303859,epithalamus,上丘腦；丘腦上部；上視丘,,2012-11-26
303860,epistropheus; axis,樞椎,,2012-11-26
303861,epistome,唇瓣；口上部；前顏面；口肛間瓣,,2012-11-26
303862,epistomal suture,上口縫,,2012-11-26
303863,episternum,上胸骨；前側板,,2012-11-26
303864,episternal paraptera,前翅板,,2012-11-26
303865,epistasis,優勢基因,,2012-11-26
303866,epispadias,尿道上裂,,2012-11-26
303867,Episoriculus fumidus ,台灣煙尖鼠,,2012-11-26
303868,Episoriculus ,尖鼠（屬）,,2012-11-26
303869,episome,因子副體；游離基因組,,2012-11-26
303870,episme,辨識色,,2012-11-26
303871,EPIPYROPIDAE,蟬蛾科,,2012-11-26
303872,EPIPYRODIDAE,蟬寄生蛾科,,2012-11-26
303873,epipyramis,上錐骨,,2012-11-26
303874,epiproct,肛上板,,2012-11-26
303875,epipterygoid,上翼骨,,2012-11-26
303876,epipodium (pl. -dia),足緣；步帶環,,2012-11-26
303877,epipodite,副肢；外肢節,,2012-11-26
303878,epiploon,大網膜；脂肪體,,2012-11-26
303879,epiploic foramen,胃繫膜孔,,2012-11-26
303880,epiploic,網膜的；大網膜的,,2012-11-26
303881,epipleura,側肋；緣褶,,2012-11-26
303882,EPIPLEMINAE,雙尾蛾科,,2012-11-26
303883,epiplastron,上腹甲,,2012-11-26
303884,epiplankton,上層浮游生物,,2012-11-26
303885,epiphysis; pineeal body,腦上體；骺,,2012-11-26
303886,epiphyseal plate,腦上體板,,2012-11-26
303887,epiphyseal foramen,腦上體窩；腦上腺孔,,2012-11-26
303888,epiphyseal dysgensis,發育不全,,2012-11-26
303889,epiphyseal closure,閉合,,2012-11-26
303890,epiphyseal apparatus,腦上體器,,2012-11-26
303891,epiphyseal,腦上體的,,2012-11-26
303892,epiphragm,膜厴；冬蓋,,2012-11-26
303893,epipharynx,上唇器,,2012-11-26
303894,epipetreous,岩面生長者,,2012-11-26
303895,epipelagic zone,上層洋帶,,2012-11-26
303896,epiparasitism; hyperparasitism,重複寄生,,2012-11-26
303897,epiparasite,外寄生,,2020-03-11
303898,epiotokous,生育體的,,2012-11-26
303899,epiotic,上耳骨,,2012-11-26
303900,epiopticon,第二視神經結,,2012-11-26
303901,EPIOPHLEBIIDAE,昔蜻蛉科（蜻蛉目）,,2012-11-26
303902,Epioblasma walkeri ,棕花珍珠貝,,2012-11-26
303903,Epioblasma turgidula ,大花珍珠貝,,2012-11-26
303904,Epioblasma torulosa torulosa ,瘤花珍珠貝,,2012-11-26
303905,Epioblasma torulosa gubernaculum ,綠花珍珠貝,,2012-11-26
303906,Epioblasma sulcata perobliqua ,白愚人貝,,2012-11-26
303907,Epioblasma sampsoni ,辛布森氏珍珠貝,,2012-11-26
303908,Epioblasma florentina ,黃花珍珠貝,,2012-11-26
303909,Epioblasma curtisi ,短珍珠貝,,2012-11-26
303910,epineurium,周圍神經鞘,,2012-11-26
303911,epineural canal,輻神經外管,,2012-11-26
303912,epineural,髓弧突出物,,2012-11-26
303913,epinephroectomy,腎上腺切除術,,2012-11-26
303914,epinephrine; adrenaline; suprarenin,腎上腺素,,2012-11-26
303915,Epinephelus tauvina ,鱸滑石斑魚,,2012-11-26
303916,Epinephelus rivulatus ,霜點石斑魚,,2012-11-26
303917,Epinephelus retouti ,雷托氏石斑魚,,2012-11-26
303918,Epinephelus quoyanus ,玳瑁石斑魚,,2012-11-26
303919,Epinephelus poecilonotus ,琉璃石斑魚；花點石斑,,2012-11-26
303920,Epinephelus morrhua ,吊橋石斑魚,,2012-11-26
303921,Epinephelus merra ,網紋石斑魚,,2012-11-26
303922,Epinephelus maculatus ,花點石斑魚,,2012-11-26
303923,Epinephelus malabaricus ,瑪拉巴石斑,,2012-11-26
303924,Epinephelus fasciatus ,赤石斑魚,,2012-11-26
303925,Epinephelus fasciatomaculosus ,擬青石斑魚,,2012-11-26
303926,Epinephelus fario ,青點石斑；鮭點石斑魚,,2012-11-26
303927,Epinephelus bleekeri ,布氏石斑魚,,2012-11-26
303928,Epinephelus awoara ,青石斑魚,,2012-11-26
303929,Epinephelus areolatus ,巨點石斑魚；寶石斑魚,,2012-11-26
303930,Epinephelus amblycephalus ,鑲點石斑魚,,2012-11-26
303931,Epinephelus akaara ,赤點石斑魚,,2012-11-26
303932,epimysium; perimysium,外肌膜,,2012-11-26
303933,epimyocardium,外心肌層,,2012-11-26
303934,epimorphosis,新建再生,,2012-11-26
303935,EPIMORPHA,整形類,,2012-11-26
303936,epimerite,先節片,,2012-11-26
303937,epimeron,後側片；肢上部,,2012-11-26
303938,epimere,（中胚層）上段；陰莖基背突；上肌節,,2012-11-26
303939,epimeral paraptera,後翅板,,2012-11-26
303940,epimeletic,友愛的；哺育的,,2012-11-26
303941,epilimnion zone,湖上層；湖面動蕩層,,2012-11-26
303942,epilepsy,癲癇症,,2012-11-26
303943,epilabrum,上唇側片,,2012-11-26
303944,epihyal,上舌骨,,2012-11-26
303945,epigynum,外雌性生殖板,,2012-11-26
303946,epigyne,雌孔板,,2012-11-26
303947,Epigonichthys ,側殖文昌魚（屬）,,2012-11-26
303948,epignathous,上頜突出,,2012-11-26
303949,epiglottis (pl. -ttides),會咽；會咽軟骨；內唇,,2012-11-26
303951,epigenesis,新生說；後成說；後生說,,2012-11-26
303952,epigastrius,上腹寄生胎；腹外附胎,,2012-11-26
303953,epigastrium,第一腹片；胸區,,2012-11-26
303954,epigastrico-vesicle artery,腹胱動脈,,2012-11-26
303955,epigastric zone,上腹；上腹帶,,2012-11-26
303956,epigastric vein,腹壁靜脈,,2012-11-26
303957,epigastric lymph gland,腹壁淋巴腺,,2012-11-26
303958,epigastric artery,腹壁動脈,,2012-11-26
303959,epigastric,腹壁；上腹,,2012-11-26
303960,epigamic selection,誘惑選擇,,2012-11-26
303961,epigamic color,誘惑色,,2012-11-26
303962,epigamic,誘惑異性的,,2012-11-26
303963,epigace; epigeal; epigeous,地棲性,,2012-11-26
303964,epididymitis,附睪炎,,2012-11-26
303965,epidural space,硬膜上腔；韌膜上隙,,2012-11-26
303966,epididymis,附睪；副睪,,2012-11-26
303967,epidermization,表皮移植法,,2012-11-26
303968,epidermis,表皮,,2012-11-26
303969,epidermal tissue,表皮組織,,2012-11-26
303970,epidermal thymocyte activating factor,外皮胸腺活化因子（元）,,2012-11-26
303971,epidermal teeth,表皮齒,,2012-11-26
303972,epidermal system,表皮系統,,2012-11-26
303973,epidermal growth factor,外皮生長因子（元）,,2012-11-26
303974,epidermal exoskeleton,表皮性外骨骼,,2012-11-26
303975,epidermal cell,表皮細胞,,2012-11-26
303976,epidermal,表皮的,,2012-11-26
303977,epidemiology,害蟲猖獗學；流行病學,,2012-11-26
303978,epidemic prevention,防疫；流行病預防,,2012-11-26
303979,epidemic disease,流行病,,2012-11-26
303980,epidemic,流行性的,,2012-11-26
303981,epidemes,翅節膜,,2012-11-26
303982,epicuticle,上表皮,,2012-11-26
303983,Epicrates subflavus ,牙買加蚺蛇,,2012-11-26
303984,Epicrates monensis ,模納蚺蛇,,2012-11-26
303985,Epicrates inornatus ,波多黎各蚺蛇,,2012-11-26
303986,Epicrates cenchria,虹蚺,,2020-03-19
303987,epicranium,顱蓋；顱頂板；頭蓋,,2012-11-26
303988,epicranial suture,頭蓋縫,,2012-11-26
303989,epicranial stem,蓋縫主幹,,2012-11-26
303990,epicranial arm,蓋縫臂,,2012-11-26
303991,epicranial,頭蓋的,,2012-11-26
303992,epicoracoid,上鳥喙骨,,2012-11-26
303993,EPICOPEIIDAE,鳳蛾科,,2012-11-26
303994,EPICOPEIDAE,擬鳳蝶蛾科,,2012-11-26
303995,epicone,上錐部,,2012-11-26
303996,epicondyle,上髁,,2012-11-26
303997,epicoela,外圍臟腔類,,2012-11-26
303998,epicoel; epicoele; epicoelia,中腦室；圍臟腔,,2012-11-26
303999,epicerebral,在腦上方的,,2012-11-26
304000,epicentral,椎體側骨的,,2012-11-26
304001,Epicauta ,地膽（屬）,,2012-11-26
304002,epicardium,外心層；心外膜,,2012-11-26
304003,Epibulus insidiator ,管口鸚鯛,,2012-11-26
304004,epibranchial placode; suprabranchial placode,上鰓基板,,2012-11-26
304005,epibranchial,上鰓的；上鰓節的,,2012-11-26
304006,epiboly; epibole,外包法,,2012-11-26
304007,epibolic invagination,外包內褶,,2012-11-26
304008,epibolic gastrulation,外包原腸形成,,2012-11-26
304009,epibolic gastrula,外包原腸胚,,2012-11-26
304010,epibolic,外包的,,2012-11-26
304011,epiblast,外胚層；上胚層,,2020-03-13
304012,epibiotic,殘留生物,,2012-11-26
304013,epibenthos,底上生物,,2012-11-26
304014,ephyra,碟形幼體；碟狀體,,2012-11-26
304015,EPHYDRIDAE,渚蠅科,,2012-11-26
304016,Ephippus orbis ,銀【魚+共】；圓白鯧,,2012-11-26
304017,ephippium (pl. -ppia),卵包；蝶鞍,,2012-11-26
304018,EPHIPPIDIDAE,白鯧科,,2012-11-26
304019,EPHIPPIDAE,銀[魚共]科；白鯧科,,2012-11-26
304020,EPHEMEROPTERA,蜉蝣目,,2012-11-26
304021,EPHEMERIDAE,蜉蝣科,,2012-11-26
304022,ephemeral,短命的,,2012-11-26
304023,ephebogenesis,童貞發生,,2012-11-26
304024,ephebic,發育期的,,2012-11-26
304025,epharmosis,同環境性適應,,2012-11-26
304026,ependymal layer,室管層,,2012-11-26
304027,ependymal cell,室管膜細胞；髓腔膜細胞,,2012-11-26
304028,ependyma,腦室膜；室管膜,,2012-11-26
304029,epaxial musculature,軸上肌系,,2012-11-26
304030,epaxial,上椎骨的,,2012-11-26
304031,epaulette,肩片；口腕分枝,,2012-11-26
304032,eparterial bronchus,動脈上枝氣管,,2020-03-06
304033,epalpate; expalpate,無鬚的,,2012-11-26
304034,epacme,繁盛前期,,2012-11-26
304035,Eozostrodon ,三錐齒（屬）,,2012-11-26
304036,Eozic era,始生代,,2012-11-26
304037,eotic animal,流水動物,,2012-11-26
304038,EOTHERIA,始獸下網,,2012-11-26
304039,Eothenomys melanogaster ,黑腹絨鼠,,2012-11-26
304040,Eothenomys ,絨鼠（屬）,,2012-11-26
304041,EOSUCHIA,始鱷目,,2012-11-26
304042,eosinophil chemotactic factor,嗜伊紅趨化因子（元）,,2012-11-26
304043,eosinophil,親曙紅性（細胞）；嗜伊紅白血球,,2012-11-26
304044,Eomoropus ,始鈍角獸（屬）,,2012-11-26
304045,eolithic age,始石器時代,,2012-11-26
304046,Eohippus ,始新馬（屬）,,2012-11-26
304047,Eogyrinus ,始嫄（屬）,,2012-11-26
304048,eogaea,南界,,2012-11-26
304049,Eoeurysa flavocapitata  Muir,黃頭飛蝨,,2012-11-26
304050,Eocene epoch,始新世,,2012-11-26
304051,Eocene,第三紀始新世,,2012-11-26
304052,EOANURA,始無尾目,,2012-11-26
304053,enzymology,酶學；酵素學,,2012-11-26
304054,enzyme-substrate molecule,酶受質結合分子；酵素受質結合分子,,2012-11-26
304055,enzyme-substrate complex,酶受質複合物,,2012-11-26
304056,enzyme system,酶系,,2012-11-26
304057,enzyme inhibitor,酵素抑制劑,,2012-11-26
304058,enzyme induction,酶引發,,2012-11-26
304059,enzyme inducer,酵素誘導物,,2012-11-26
304060,enzyme adaptation,酶適應,,2012-11-26
304061,enzyme,酶；酵素,,2012-11-26
304062,enzootic,地方性獸疫,,2012-11-26
304063,environmental resistance,環境阻力；環境抗力,,2012-11-26
304064,environmental factor,環境因子,,2012-11-26
304065,environmental lighting,環境照明,,2012-11-26
304066,envelope cell,圍抱細胞,,2012-11-26
304067,enuresis,夜尿症；遺尿,,2012-11-26
304068,enucleate,去核；失核,,2012-11-26
304069,entypy,胚層反向,,2012-11-26
304070,entropy,熵；熱力學函數,,2012-11-26
304071,entrance path,受精道,,2012-11-26
304072,entrance funnel,受精漏斗,,2012-11-26
304073,entrance cone,受精錐,,2012-11-26
304074,entrance,穿入；侵入,,2012-11-26
304075,entrainment,導引；曳引,,2012-11-26
304076,entozoa,內部寄生動物,,2012-11-26
304077,entovarial canal,陷入卵巢溝,,2012-11-26
304078,entotympanic bone,內鼓骨,,2020-03-19
304079,ENTOTROPHI,內顎目,,2012-11-26
304080,entopterygoid,內翼骨,,2012-11-26
304081,entosternum; entoplastron,內腹甲,,2012-11-26
304082,ENTOPROCTA,內肛動物,,2012-11-26
304083,entoplastron,內腹甲,,2012-11-26
304084,entoneural system,內神經系統,,2012-11-26
304085,entomotomy,昆蟲解剖學,,2012-11-26
304086,ENTOMOTAENIATA,內舌目,,2012-11-26
304087,entomophily,蟲媒的,,2012-11-26
304088,ENTOMOSTRACA,切甲亞綱,,2012-11-26
304089,entomophilous,蟲媒的,,2012-11-26
304090,entomophagous,食蟲性,,2020-03-11
304091,entomology,昆蟲學,,2012-11-26
304092,entomogenous,蟲體內寄生的,,2012-11-26
304093,entomochory,蟲播,,2012-11-26
304094,entomochoric,蟲播的,,2012-11-26
304095,ENTOMOBRYIDAE,角跳蟲科,,2012-11-26
304096,entometrium,子宮內膜,,2012-11-26
304097,entomesenchyme,內胚層間質,,2012-11-26
304098,entoma,昆蟲類,,2012-11-26
304099,entoderm; endoderm,內胚層,,2012-11-26
304100,entocuneiform; endocuneiform,內楔骨,,2012-11-26
304101,entocone,內錐,,2012-11-26
304102,entoconid,下內錐,,2012-11-26
304103,entochondrostosis; endochondrostosis,軟骨內（成）骨,,2012-11-26
304104,entobronchus,內枝氣管,,2012-11-26
304105,entoblast; hypoblast,內胚層；下胚層,,2012-11-26
304106,enterozoic parasite; enterozoon,腸內寄生蟲,,2012-11-26
304107,ENTEROZOA,有腸動物,,2012-11-26
304108,enteroviruses,腸道病毒,,2012-11-26
304109,enterotoxin,腸內毒素,,2012-11-26
304110,enterosympathetic,腸管交感神經,,2012-11-26
304111,enteroprocta,腸肛,,2012-11-26
304112,ENTEROPNEUSTA,腸鰓綱,,2012-11-26
304113,enteropathy,腸病變,,2012-11-26
304114,enteronephric,內腎管的；腎管內開的,,2012-11-26
304115,enteron,腸管；消化道,,2012-11-26
304116,enterokinase,腸激酶,,2012-11-26
304117,enteroinsular axis,腸胰島軸,,2012-11-26
304118,enterohepatic circulation,腸肝循環,,2012-11-26
304119,ENTEROGONA,腸生殖腺目,,2012-11-26
304120,enterogastrone,胃抑激素,,2012-11-26
304121,enterodynia,腸痛,,2012-11-26
304122,enteroderm,下皮層（腸）細胞,,2020-03-18
304123,enterocrinin,腸激素,,2012-11-26
304124,enterocoelic pouch,腸腔囊,,2012-11-26
304125,ENTEROCOELIA; ENTEROCOELOMATA,原腸體腔動物,,2012-11-26
304126,ENTEROCOELA,原腸體腔類,,2012-11-26
304127,enterocoel,腸體腔；原腸體腔,,2012-11-26
304128,enterococcus,腸內球菌,,2012-11-26
304129,enterochromaffin cells,腸親鉻細胞,,2012-11-26
304130,enteroblast,腸胚層,,2020-03-18
304131,Enterobius vermicularis ,蟯蟲,,2012-11-26
304132,enterobiasis,蟯蟲病,,2012-11-26
304133,enteric epithelium,腸皮膜,,2012-11-26
304134,enteric coeca; gastric coeca,腸盲囊；胃盲囊,,2012-11-26
304135,enteric,腸的,,2012-11-26
304136,entepicondyle foramen,內上髁孔,,2012-11-26
304137,entepicondyle,內上髁,,2012-11-26
304138,entelechy,生機,,2012-11-26
304139,Entameba histolytica ,赤痢變形蟲,,2012-11-26
304140,ental,內側的,,2012-11-26
304141,entad,內向的,,2012-11-26
304142,ensiform process; e. cartilage,劍狀軟骨；劍突,,2012-11-26
304143,ensiform cartilage; xiphoid process,劍狀軟骨；劍突,,2012-11-26
304144,ensiform appendix,劍胸骨,,2020-03-09
304145,ensiform,劍形,,2012-11-26
304146,ENOPLIDA,埃諾甫目,,2012-11-26
304147,ENOPLA,有針綱,,2012-11-26
304148,ENOPIOSIDAE,姥婦鱸科,,2012-11-26
304149,enophthalmos,眼球凹陷,,2012-11-26
304150,enolase,烯醇酶,,2012-11-26
304151,Ennominae,枝尺蛾亞科,,2012-11-26
304152,enkephalin,腦素,,2012-11-26
304153,Enhydris plumbea ; Common Rice Paddy Snake; Yellowbelly Water Snake,水蛇,,2012-11-26
304154,Enhydris chinensis ; Chinese Rice Paddy Snake; Chinese Water Snake,唐水蛇；雲水蛇,,2012-11-26
304155,Enhydris bennetti ,斑納氏水蛇,,2012-11-26
304156,Enhydris ,水蛇（屬）,,2012-11-26
304157,Enhydra lutris nereis ,南方海獺,,2012-11-26
304158,Enhydra lutris ,海獺,,2012-11-26
304159,Enhydra ,海獺（屬）,,2012-11-26
304160,enhancer element,增強要素,,2012-11-26
304161,enhancer,增強物,,2012-11-26
304162,Engraulis japonicus ,日本鮆,,2012-11-26
304163,Engraulis encrasicolus ,歐洲鯷,,2012-11-26
304164,ENGRAULIDIDAE,鯷科,,2012-11-26
304165,ENGRAULIDAE,鮆科,,2012-11-26
304166,engram,記憶印跡,,2012-11-26
304167,energy-transfer cycle,能量轉變環,,2012-11-26
304168,energy-transfer compound,能量轉變化合物,,2012-11-26
304169,energy metabolism,能（量）代謝,,2012-11-26
304170,energy flow,能量流；能流,,2012-11-26
304171,energonic reaction,吸能反應,,2012-11-26
304172,energid,活質體,,2012-11-26
304173,energic nucleus; resting nucleus,休止核,,2012-11-26
304174,endrin,殺蟲劑之一種（茵特靈）,,2012-11-26
304175,end-point method,終點法,,2012-11-26
304176,endozoic; entozoic,內寄生性,,2012-11-26
304177,endoturbinate; entoturbinal,內鼻甲板,,2012-11-26
304178,endotrachea,氣管內皮層,,2012-11-26
304179,endotoxin,內毒素,,2012-11-26
304180,endotoxic shock,內毒素休克,,2012-11-26
304181,endothorax,胸內骨片,,2012-11-26
304182,endotherms,內溫動物,,2012-11-26
304183,endothermous,內溫動物,,2012-11-26
304184,endothermic reaction,吸熱反應,,2012-11-26
304185,endothelium,內皮層,,2012-11-26
304186,endotheliochorial placenta,內皮絨膜性胎盤,,2012-11-26
304187,endothelial phagocytosis,內皮細胞噬菌（作用）,,2012-11-26
304188,endotergite,骨內片,,2012-11-26
304189,endosymbiotic theory,內共生學說,,2012-11-26
304190,endosymbiosis,內共生,,2012-11-26
304191,endostyle,內柱,,2012-11-26
304192,endostracum,殼內層,,2012-11-26
304193,endostosis,軟骨內骨化,,2012-11-26
304194,endosteum,骨髓膜,,2012-11-26
304195,endosteal lamella,骨內板,,2012-11-26
304196,endosteal hyperostosis,骨內膜骨質增生,,2012-11-26
304197,endosteal bone resorption,骨內膜骨質吸收,,2012-11-26
304198,endosporulation,細胞內孢子形成,,2012-11-26
304199,endosporium,內芽孢膜,,2012-11-26
304200,endospore,孢子內壁；內芽孢,,2012-11-26
304201,endosperm,內胚乳,,2012-11-26
304202,endosmosis,內滲,,2012-11-26
304203,endoskeleton,內骨骼,,2012-11-26
304204,endosiphuncle,內體管,,2012-11-26
304205,endoseptum,內隔壁,,2012-11-26
304206,endoscope,內腔鏡,,2012-11-26
304207,endosclerite,內骨片,,2012-11-26
304208,endorphin,腦（內）啡,,2012-11-26
304209,endorhachis,椎內膜,,2012-11-26
304210,ENDOPTERYGOTA,內翅（首目）,,2012-11-26
304211,endopolyploidy,內多倍體,,2012-11-26
304212,endopodite,內枝,,2012-11-26
304213,endoplasmic reticulum vesicle,內質網泡,,2012-11-26
304214,endoplasmic reticulum,內質網,,2012-11-26
304215,endoplasm; endosarc,內質,,2012-11-26
304216,endophragmal skeleton,頭胸內隔骨骼,,2012-11-26
304217,endophragm,頭胸內隔,,2012-11-26
304218,endophlebitis,靜脈內膜炎,,2012-11-26
304219,endophallus,內陰莖,,2012-11-26
304220,endopahgous,內食的,,2012-11-26
304221,endoperineurial,神經膜的,,2012-11-26
304222,endopeptidase,內胜酶,,2012-11-26
304223,endoparasite,內部寄生蟲,,2012-11-26
304224,endoneurium,神經內膜,,2012-11-26
304225,endonephritis,腎盂炎,,2012-11-26
304226,endomysium,內肌膜,,2012-11-26
304227,endomycorrhizae,內菌根,,2012-11-26
304228,ENDOMYCHIDAE,偽瓢蟲科,,2012-11-26
304229,endomixis,內融合,,2012-11-26
304230,endomitosis,核內有絲分裂,,2012-11-26
304231,endometritis,子宮內膜炎,,2012-11-26
304232,endometrioma,子宮內膜瘤,,2012-11-26
304233,endometrial cancer,子宮內膜癌,,2012-11-26
304234,endometeriosis; adenomyosis,子宮內膜異位症,,2012-11-26
304235,endomesoderm cells,內中胚層細胞,,2012-11-26
304236,endomesoderm,內中胚層,,2012-11-26
304237,endomeninx,腦內膜,,2012-11-26
304238,endomembrane system,內膜系統,,2012-11-26
304239,endolysis,細胞質溶解,,2012-11-26
304240,endolysin,內溶素,,2012-11-26
304241,endolymphatic fossa,內淋巴窩,,2012-11-26
304242,endolymphatic duct,內淋巴管,,2012-11-26
304243,endolymphatic cavity,內淋巴腔,,2012-11-26
304244,endolymphatic,內淋巴的,,2012-11-26
304245,endolymph; endolympha,內淋巴,,2012-11-26
304246,endognath; endognathite,內顎片,,2012-11-26
304247,endogenous spore,內生孢子,,2012-11-26
304248,endogenous metabolism,內生性代謝,,2012-11-26
304249,endogenous clock,內源性時鐘,,2012-11-26
304250,endogenous budding,內生出芽,,2012-11-26
304251,endogenous,內生的,,2012-11-26
304252,endogamy,同系交配,,2012-11-26
304253,endoenzyme; entoenzyme,胞內酶,,2012-11-26
304254,endodermic groove,內胚層溝,,2012-11-26
304255,endodermalization,內胚層化,,2012-11-26
304256,endodermal blastomere,內胚層分割球,,2012-11-26
304257,endoderm; entoderm; endoblast,內胚層,,2012-11-26
304258,endoderm lamella,內胚板,,2012-11-26
304259,endoderm disk,內層胚盤；內皮,,2012-11-26
304260,endocytosis,內吞作用,,2012-11-26
304261,endo-cuticula; endo-cuticle,內角皮；內表皮,,2012-11-26
304262,endo-cuneiform,內楔骨；第一楔骨,,2012-11-26
304263,endocrinopathy,內分泌病變,,2012-11-26
304264,endocrinology,內分泌學,,2012-11-26
304265,endocrine-responsive cancer,內分泌反應癌,,2012-11-26
304266,endocrine system,內分泌系統,,2012-11-26
304267,endocrine rhythm,內分泌節律,,2012-11-26
304268,endocrine organ,內分泌器,,2012-11-26
304269,endocrine hypertension,內分泌高血壓,,2012-11-26
304270,endocrine hormone,內分泌素,,2012-11-26
304271,endocrine gland,內分泌腺,,2012-11-26
304272,endocrine cell,內分泌細胞,,2012-11-26
304273,endocrine adenomatosis,內分泌腺瘤病,,2012-11-26
304274,endocrine abnormality,內分泌異常,,2012-11-26
304275,endocrine,內分泌,,2012-11-26
304276,endocranium,顱內膜,,2012-11-26
304277,endocone,內錐體,,2012-11-26
304278,endocoel; endocele,內腔,,2012-11-26
304279,endochondrostosis,軟骨內（成）骨,,2012-11-26
304280,endochondral ossification,軟骨內骨化,,2012-11-26
304281,endochondral bone,軟骨內化骨；內化骨,,2012-11-26
304282,endochondral; enchondral,軟骨內的；發自軟骨內的,,2012-11-26
304283,endocervical gland,子宮頸內腺,,2012-11-26
304284,endocardium,心內膜；心內層,,2012-11-26
304285,endocarditis,心內膜炎,,2012-11-26
304286,endocardial septum; cushion septum,墊隔,,2012-11-26
304287,endoblast; endoderm,內胚層,,2012-11-26
304288,endo-amylase,內澱粉酶,,2012-11-26
304289,endo-adaptation,體內適應,,2012-11-26
304290,endites,內葉,,2012-11-26
304291,endergonic reaction,吸能反應,,2012-11-26
304292,endemism,特有現象,,2012-11-26
304293,endemic typhus,地方性斑疹傷寒,,2012-11-26
304294,endemic species,特有種,,2012-11-26
304295,endemic goiter,地方性甲狀腺腫,,2012-11-26
304296,endemic cretinism,地域性呆小症,,2012-11-26
304297,endemic,風土性的；地域性的,,2012-11-26
304298,end point mutation,終點突變,,2012-11-26
304299,end plate,終板,,2012-11-26
304300,end piece; dars terminalis,終片；精尾,,2012-11-26
304301,end organ,終器,,2012-11-26
304302,end knob,尾結；端瘤,,2012-11-26
304303,end filament,終絲,,2012-11-26
304304,end fibrils,終原纖維,,2012-11-26
304305,end disc,終盤,,2012-11-26
304306,end cell,端細胞,,2012-11-26
304307,end bulb,終球,,2012-11-26
304308,end brain; telencephalon,端腦,,2012-11-26
304309,end body,終體；補體,,2012-11-26
304310,end artery,終動脈,,2012-11-26
304311,encystment,孢囊形成,,2012-11-26
304312,encysted stage,隱囊期,,2012-11-26
304313,encysted cercaria,後囊蚴,,2020-03-09
304314,encystation,孢囊形成,,2012-11-26
304315,ENCYRTIDAE,跳小蜂科,,2012-11-26
304316,encyesis,正常妊娠,,2012-11-26
304317,Encrasicholina punctifer ,棘公鯷,,2012-11-26
304318,enciform process,劍突,,2012-11-26
304319,enchylema; cell sap,透明漿；細胞漿,,2012-11-26
304320,enchondral ossification,軟骨內骨化,,2012-11-26
304321,Enchelycore schismatorhynchus ,裂吻鯙,,2012-11-26
304322,Enchelycore pardalis ,豹紋勾吻鯙,,2012-11-26
304323,Enchelycore lichenosa ,苔斑勾吻鯙,,2012-11-26
304324,Enchelycore bikiniensis ,比吉尼勾吻鯙,,2012-11-26
304325,Encheleophis sagamianus ,密星隱魚,,2012-11-26
304326,encephalo-spinal,腦脊髓,,2012-11-26
304327,encephalo-sclerosis,腦硬化,,2012-11-26
304328,encephalo-rrhagia,腦出血,,2012-11-26
304329,encephalo-pathy,腦病,,2012-11-26
304330,encephalon,腦,,2020-03-09
304331,encephalomyelitis,腦脊髓炎,,2012-11-26
304332,encephalo-mere,腦節,,2012-11-26
304333,encephalo-malacia,腦軟化,,2012-11-26
304334,encephalocoel,腦室,,2012-11-26
304335,encephalitis,腦炎,,2012-11-26
304336,encephalisation,腦之形成,,2012-11-26
304337,encasement theory,生成論,,2020-03-18
304338,encapsulated strains,有莢膜之菌系,,2012-11-26
304339,encapsulated larva,被囊蚴,,2012-11-26
304340,encapsulated ending,有被末梢,,2012-11-26
304341,encapsulated,有膜的,,2012-11-26
304342,enarthrosis,杵臼關節；球窩關節,,2012-11-26
304343,enantiomorphic,左右相反；左右相對,,2012-11-26
304344,enanaetiobiosis,拮抗生活；拮抗性共生,,2012-11-26
304345,enamel; tooth,牙釉質；琺琅質,,2012-11-26
304346,enamel pulp,釉髓,,2012-11-26
304347,enamel organ,釉質器,,2012-11-26
304348,enamel membrane,釉膜,,2012-11-26
304349,enamel layer,釉層,,2012-11-26
304350,enamel cap,釉冠,,2012-11-26
304351,enamel,釉質；琺琅質,,2012-11-26
304352,Emydocephalus ijimae,飯島氏海蛇,,2020-03-18
304353,Emydocephalus ,飯島氏海蛇（屬）,,2012-11-26
304354,emu,鴯鶓,,2012-11-26
304355,EMYDIDAE,澤龜科,,2012-11-26
304356,emulsoid,乳狀體,,2012-11-26
304357,emulsion,乳狀液；乳劑,,2012-11-26
304358,emulsin,苦杏仁,,2012-11-26
304359,emulsification,乳化作用,,2012-11-26
304360,empyema,蓄膿；積膿,,2012-11-26
304361,empty sella syndrome,空蝶鞍症,,2018-05-15
304362,empodium (pl. -dia),間褥；懸墊,,2012-11-26
304363,empiricism,經驗主義；經驗論,,2012-11-26
304364,empirical risk,經驗風險,,2012-11-26
304365,empirical probability,經驗機率,,2012-11-26
304366,EMPIDIDAE,舞蠅科,,2012-11-26
304367,EMPIDAE,舞蠅科,,2012-11-26
304368,emphysema,肺氣腫,,2012-11-26
304369,emotional state,興奮狀態,,2012-11-26
304370,Emoia atrocostatum ; Mangrove Skink,沿岸島蜥,,2012-11-26
304371,Emoia atrocostata atrocostata,沿岸島蜥,,2020-03-19
304372,emmetropia,正常眼；折光正常,,2012-11-26
304373,emmenia (pl. -nsis),月經,,2012-11-26
304374,Emmelichthys struhsakeri ,【魚+志】；史氏諧魚,,2012-11-26
304375,EMMELICHTHYIDAE,諧魚科,,2012-11-26
304376,emissarium; emissary vein,導血管,,2012-11-26
304377,emigration; diapedesis,移出；爬越（作用）,,2012-11-26
304378,emetine,吐根素,,2012-11-26
304379,emetica; vomitoria,催吐劑,,2012-11-26
304380,emesis; vomiting,嘔吐,,2012-11-26
304381,emergent evolution,劇變演化,,2012-11-26
304382,emergence,羽化；突起；急症,,2012-11-26
304383,emerge,孵化,,2012-11-26
304384,Emerald Tree Boa,綠樹蚺,,2020-03-11
304385,Emerald Green Treefrog,翡翠樹蛙,,2020-03-19
304386,embryotroph; embryotrophy,胎兒營養；胚體營養,,2012-11-26
304387,embryophoric membrane,胚膜,,2012-11-26
304388,embryophore,幼蟲套膜；胚托,,2012-11-26
304389,embryonic shield,胚盾,,2012-11-26
304390,embryonic phase,胚胎期,,2012-11-26
304391,embryonic membrane,胚膜,,2012-11-26
304392,embryonic layer,胚層,,2012-11-26
304393,embryonic knob,胚結,,2012-11-26
304394,embryonic induction,胚胎誘導,,2012-11-26
304395,embryonic disc,胚盤,,2012-11-26
304396,embryonic developement,胚期發育,,2012-11-26
304397,embryonic covering,胚覆,,2012-11-26
304398,embryonic cord,胚索,,2012-11-26
304399,embryonic connective tissue,胚期結締組織,,2012-11-26
304400,embryonic circulation,胚體循環,,2012-11-26
304401,embryonic centre,胚心,,2012-11-26
304402,embryonic cell,胚細胞,,2012-11-26
304403,embryonic area,胚區,,2012-11-26
304404,embryonal carcinoma,胚瘤,,2012-11-26
304405,embryonal adenoma,胚腺瘤,,2012-11-26
304406,embryology,胚胎學,,2012-11-26
304407,embryolemma,胚膜,,2020-03-09
304408,embryogenesis; embryogeny,胚胎發生,,2012-11-26
304409,embryo sac,胚囊,,2012-11-26
304410,embryo formation,胚胎之形成,,2012-11-26
304411,embryo,胚胎；胚,,2012-11-26
304412,EMBRITHOPODA; EMBRYTHOPODA,重腳目,,2012-11-26
304413,emboly; embole; invagination,內褶；內陷,,2012-11-26
304414,embolus,血栓；鬚端；角軸,,2012-11-26
304415,embolomeri,串椎類,,2012-11-26
304416,embolomerus,串椎型；楔狀椎骨,,2012-11-26
304417,embolomeres,串椎類,,2012-11-26
304418,embolium,緣片；緣狀部,,2012-11-26
304419,embolism,栓塞,,2012-11-26
304420,Embolichthys mitsukurii ,台灣玉筋魚；箕作台灣筋魚,,2012-11-26
304421,embolic invagination,陷入內褶,,2012-11-26
304422,embolic gastrula,陷入原腸胚,,2012-11-26
304423,embolic,陷入的,,2012-11-26
304424,embole (emboly),內摺；內陷,,2012-11-26
304425,EMBIOTOCIDAE,海鯽科,,2012-11-26
304426,EMBIOPTERA,紡腳目；奇蟲目,,2012-11-26
304427,EMBIIDAE,紡腳科；奇蟲科,,2012-11-26
304428,EMBERIZIDAE,鵐科,,2012-11-26
304429,Emberiza spodocephala ,黑臉鵐,,2012-11-26
304430,embedding,包埋,,2012-11-26
304431,Embden-Mayerhof pathway,恩伯－麥葉何夫氏徑；磷酸腺苷路徑,,2012-11-26
304432,EMBALLONURIDAE,囊翼蝠科；鞘尾蝠科,,2012-11-26
304433,Emballonura monticola ,馬來鞘尾蝠,,2012-11-26
304434,Emballonura ,鞘尾蝠（屬）,,2012-11-26
304435,emasculation,去勢；去雄；去除睪丸,,2012-11-26
304436,emarginated tail,凹尾,,2012-11-26
304437,emandibulate,無上頜的,,2012-11-26
304438,elytrum (pl. -tra); elytron,翅鞘；背鱗,,2012-11-26
304439,Elops machnata ,海鰱,,2012-11-26
304440,Elops hawaiensis ,夏威夷海鰱,,2012-11-26
304441,ELOPOMORPHA,海鰱下部或總目,,2012-11-26
304442,ELOPOIDEI,海鰱亞目,,2012-11-26
304443,ELOPIDAE,海鰱科,,2012-11-26
304444,ELOPIFORMES,海鰱目,,2012-11-26
304445,elongation in protein biosynthesis,蛋白質生物合成的延伸,,2012-11-26
304446,Elongated Tortoise,緬甸陸龜；黃頭陸龜,,2020-03-09
304447,ELMIDAE,長角泥蟲科,,2012-11-26
304448,ELLOBIOIDEA,大耳蝸超科,,2012-11-26
304449,ELLOBIIDAE,大耳蝸科,,2012-11-26
304450,ellitoral,亞淺海底的,,2012-11-26
304451,ELLISELLIDAE,鞭珊瑚科,,2012-11-26
304452,elliptical recess,橢圓窩,,2012-11-26
304453,ellipsoidal,橢圓形的,,2012-11-26
304454,elk,麋鹿,,2012-11-26
304455,elimination of suger,糖排除,,2012-11-26
304456,elimination of nitrogen,氮排除,,2012-11-26
304457,elimination of blood stream,血流清除（作用）,,2012-11-26
304458,elimination,排除,,2012-11-26
304459,elevator muscle,上舉（肌）,,2012-11-26
304460,ELEUTHEROZOA,遊在亞門,,2012-11-26
304461,Eleutheronema tetradactylum ,四絲馬鱍；四指馬鮁魚,,2012-11-26
304462,eleutherodactylous foot,離趾足,,2012-11-26
304463,Elephas maximus ,亞洲象,,2012-11-26
304464,Elephas ,亞洲象（屬）,,2012-11-26
304465,elephantiasis; non-filiarial,非絲蟲性象皮病,,2012-11-26
304466,elephantiasis; filiarial,絲蟲性象皮病,,2012-11-26
304467,elephantiasis,象皮病,,2012-11-26
304468,ELEPHANTIDAE,象科,,2012-11-26
304469,Elephant Bird,象鳥,,2012-11-26
304470,ELEOTRIDAE,塘鱧科,,2012-11-26
304471,eleodochon,潤羽脂腺,,2012-11-26
304472,ELENCHIDAE,技鬚撚翅科,,2012-11-26
304473,elementary species,基本種,,2012-11-26
304474,elementary analysis,元素分析,,2012-11-26
304475,Elegant Five-lined Skink,麗紋石龍子,,2020-03-19
304476,electrotropism,向電性,,2012-11-26
304477,electrotonic current,緊張電流,,2012-11-26
304478,electrotaxis,趨電性,,2012-11-26
304479,electro-retinogram,網膜電圖,,2012-11-26
304480,electroreceptors,電受器,,2012-11-26
304481,electroradiology,電放射學,,2012-11-26
304482,electroplax (es); electric plate,電板,,2012-11-26
304483,ELECTROPHORIDAE,電鰻科,,2012-11-26
304484,electrophoretic velocity,電泳速度,,2012-11-26
304485,electrophoresis,電泳,,2012-11-26
304486,electro-osmosis,電滲透,,2012-11-26
304487,electronation,電子合,,2012-11-26
304488,electronarcosis,電流麻痺,,2012-11-26
304489,electron transport system,電子傳遞系統,,2012-11-26
304490,electron transport chain,電子傳遞鏈,,2012-11-26
304491,electron microscopy,電子顯微術,,2012-11-26
304492,electron microscope,電子顯微鏡,,2012-11-26
304493,electron donor,電授體,,2012-11-26
304494,electron carrier,電載體,,2012-11-26
304495,electron acceptor,電受體,,2012-11-26
304496,electron,電子,,2012-11-26
304497,electrometer,靜電計,,2012-11-26
304498,electromagnetic spectrum,電磁譜,,2012-11-26
304499,electrolyte,電解質,,2012-11-26
304500,electroendosmosis,電滲,,2012-11-26
304501,electroencephalography,腦電波描記法,,2012-11-26
304502,electroencephalogram (EEG),腦電波圖,,2012-11-26
304503,electrodialysis,電滲析,,2012-11-26
304504,electrochemistry,電化學,,2012-11-26
304505,electrochemical gradient,電化學梯度,,2012-11-26
304506,electrocardiophonogram,心音電描記,,2012-11-26
304507,electrocardiogram (ECG),心電圖,,2012-11-26
304508,electrical stimulation,電流刺激法,,2012-11-26
304509,electrical potential; of neuron membrane,神經元膜電位,,2012-11-26
304510,electrical plates; electric plates,電板,,2012-11-26
304511,electrical energy,電能,,2012-11-26
304512,electrical activity; of brain,腦電活動,,2012-11-26
304513,electric tissue,發電組織,,2012-11-26
304514,electric thermograph,電溫記錄器,,2012-11-26
304515,electric surface,發電面,,2012-11-26
304516,electric shock,電擊,,2012-11-26
304517,electric ray,電魟,,2012-11-26
304518,electric potential,電位,,2012-11-26
304519,electric plates,電板,,2012-11-26
304520,electric organ,發電器,,2012-11-26
304521,electric lobe,電葉,,2012-11-26
304522,electric fish,電魚,,2012-11-26
304523,electric disc,電盤,,2012-11-26
304524,electric coagulation,電凝法,,2012-11-26
304525,electric baresthesiometer,壓覺電測器,,2012-11-26
304526,elbow muscle,肘肌,,2012-11-26
304527,elbow joint,肘關節,,2012-11-26
304528,elbow,肘,,2012-11-26
304529,elateriform,叩頭蟲蚴型,,2012-11-26
304530,ELATERIDAE,叩甲科；叩頭蟲科,,2012-11-26
304531,elater,彈器；彈絲,,2012-11-26
304532,elastin,彈性蛋白；彈性纖維,,2012-11-26
304533,elasticity,彈性,,2012-11-26
304534,elastic tissue,彈性結締組織,,2012-11-26
304535,elastic network,彈性網,,2012-11-26
304536,elastic membrane,彈性膜,,2012-11-26
304537,elastic fiber,彈性纖維,,2012-11-26
304538,elastic connective tissue,彈性結締組織,,2012-11-26
304539,elastic cartilage,彈性軟骨,,2012-11-26
304540,Elasmothere ,額角犀（屬）,,2012-11-26
304541,Elasmosaurus ,長頸龍（屬）；板龍（屬）,,2012-11-26
304542,ELASMOBRANCHII,板鰓亞綱,,2012-11-26
304543,elasmobranch,板鰓類,,2012-11-26
304544,ELASIPODA,板足目,,2012-11-26
304545,ELAPIDAE,蝙蝠蛇科,,2012-11-26
304546,Elaphe taeniura taeniura ,錦蛇,,2012-11-26
304547,Elaphe taeniura friesei ,錦蛇,,2012-11-26
304548,Elaphe taeniura,錦蛇,,2020-03-11
304550,Elaphe situla,豹紋錦蛇,,2020-03-19
304551,Elaphe rufodorsata ,紅點錦蛇,,2012-11-26
304552,Elaphe porphyracea nigrofasciata ; Blake Banded Trinket Snake; Red Bamboo Rat Snake,紅竹蛇,,2012-11-26
304553,Elaphe poryphyracea ,紅竹蛇,,2012-11-26
304554,Elaphe mandarinus,高砂蛇,,2020-03-19
304555,Elaphe mandarina takasago,高砂蛇,,2020-03-09
304556,Elaphe guttata,玉米錦蛇,,2020-03-11
304557,Elaphe frenata ; Assam Green Trinket Snake; Gray-belly Green Rat Snake,灰腹綠錦蛇,,2012-11-26
304558,Elaphe carinata carinata,臭青公,,2020-03-09
304559,Elaphe carinata,臭青公,,2020-03-19
304560,Elaphe ,蝙蝠蛇（屬）,,2012-11-26
304561,Elaphurus davidianus ,四不像,,2012-11-26
304562,Elaphurus ,四不像鹿（屬）,,2012-11-26
304563,elaioplast; elaiosome,脂質體,,2012-11-26
304564,elaioplankton,含油性浮游生物,,2012-11-26
304565,elaidin,凝油脂,,2012-11-26
304566,elaidic acid,油酸,,2012-11-26
304567,Elagatis bipinnulata ,雙帶鰺,,2012-11-26
304568,elaeocytes,油脂細胞,,2012-11-26
304569,ejaculatory sac,射精囊,,2012-11-26
304570,ejaculatory orifice,射精孔,,2012-11-26
304571,ejaculatory duct,射精管,,2012-11-26
304572,ejaculatory,射精的,,2012-11-26
304573,ejaculation,射精（作用）,,2012-11-26
304574,Eiffinger's treefrog,艾氏樹蛙,,2020-03-19
304575,eicosanoid,類花生酸；類甘烷酸,,2012-11-26
304576,Egretta sacra ,岩鷺,,2012-11-26
304577,Egretta intermedia ,中白鷺,,2012-11-26
304578,Egretta garzetta ,小白鷺,,2012-11-26
304579,Egretta eulophotes ,唐白鷺,,2012-11-26
304580,egg-laying,產卵,,2012-11-26
304581,egg white,卵白,,2012-11-26
304582,egg teeth,破殼器；卵齒,,2012-11-26
304583,egg shell,卵殼,,2012-11-26
304584,egg sac; e. case,卵鞘,,2012-11-26
304585,egg pedicle,卵梗,,2012-11-26
304586,egg membrane,卵封；卵外膜,,2020-03-09
304587,egg mass,卵塊,,2012-11-26
304588,egg jelly,卵膠,,2012-11-26
304589,egg envelope,卵封；卵外膜,,2020-03-09
304590,egg cell,卵細胞,,2012-11-26
304591,egg case,卵囊,,2012-11-26
304592,egg capsule,卵囊,,2012-11-26
304593,egg calyx,輸卵管萼；貯卵囊,,2012-11-26
304594,egg burster,破卵器,,2012-11-26
304595,egg axis,卵軸,,2012-11-26
304596,egg albumin; ovalbumin,卵白蛋白；卵白,,2012-11-26
304597,egestion,排糞作用,,2012-11-26
304598,Egernia depressa,侏儒刺尾蜥,,2020-03-09
304599,efferent neuron,傳出神經元,,2012-11-26
304600,efferent nerve,傳出神經,,2012-11-26
304601,efferent lymphatics,傳出淋巴,,2012-11-26
304602,efferent impulse,傳出衝動,,2012-11-26
304603,efferent ductulus; ductulus efferentis,小管；睪丸輸出管,,2012-11-26
304604,efferent duct,輸出管,,2012-11-26
304605,efferent branchial vessel,出鰓血管,,2012-11-26
304606,efferent arteriole,傳出小動脈,,2012-11-26
304607,efferent path way,傳出路徑,,2012-11-26
304608,effector,動器；行動器；效應遺傳因子,,2012-11-26
304609,effective temperature,有效溫度,,2012-11-26
304610,effective crossing over,有效互換,,2012-11-26
304611,eels; arrowtooth,箭齒鰻類,,2012-11-26
304612,eels,鰻,,2012-11-26
304613,eelpout,綿[魚尉]類,,2012-11-26
304614,EDRIOASTEROIDEA,座星綱,,2012-11-26
304615,edible nest,燕窩,,2012-11-26
304616,edestin,麻仁蛋白,,2012-11-26
304617,edestan,變性麻仁蛋白,,2012-11-26
304618,edentates,貧齒類,,2012-11-26
304619,EDENTATA,貧齒目,,2012-11-26
304620,edematous state,水腫狀態,,2012-11-26
304621,edema dropsy; oedema,水腫,,2012-11-26
304622,edaphotropism,向土壤性,,2012-11-26
304623,Edaphosaurus ,帆龍（屬）；主龍（屬）,,2012-11-26
304624,EDAPHOSAURIA,土龍亞目,,2012-11-26
304625,ectozoiic parasite,外寄生動物,,2012-11-26
304626,ectotympanic bone,外鼓骨,,2012-11-26
304627,ectoturbinales,外鼻甲,,2012-11-26
304628,ECTOTROPHI,外顎目（纓尾目）,,2012-11-26
304629,ectotroph,外營寄生物,,2012-11-26
304630,ectotrachea,氣管外膜,,2012-11-26
304631,ectotherms; poikilothermas,外溫動物,,2012-11-26
304632,ectoskeleton,外骨骼,,2012-11-26
304633,ectosarc,外肉,,2012-11-26
304634,ectopy,異位；錯位,,2020-03-11
304635,ectopterygoid,外翼骨,,2012-11-26
304636,ECTOPROCTA,外肛動物,,2012-11-26
304637,ectoplasm,外質,,2012-11-26
304638,ectoplacenta,外胎盤,,2012-11-26
304639,ectopic pregnancy,子宮外孕,,2012-11-26
304640,ectopic pairing,異位配對,,2012-11-26
304641,ectopic ossification,異位骨化,,2012-11-26
304642,ectopic choriocarcinoma,子宮外絨膜癌,,2012-11-26
304643,ectopic ACTH syndrome,異位ACTH症候群,,2012-11-26
304644,ectopic,異位的；錯位的,,2012-11-26
304645,ectopia,異位；錯位,,2020-03-11
304646,ectopia of heart,心臟異位,,2012-11-26
304647,ectoparasite,外寄生,,2012-11-26
304648,ectoneural system,外神經系,,2012-11-26
304649,ectomycorrhizae,外菌根,,2012-11-26
304650,ectomesoderm,外中胚層,,2012-11-26
304651,ectomere,外胚層分割細胞,,2012-11-26
304652,ectomeninx,胚期外腦膜,,2012-11-26
304653,ectomarginal fissure,外緣溝,,2012-11-26
304654,ectoloph,外脊,,2012-11-26
304655,ectolecithal egg,外黃卵,,2012-11-26
304656,ectolateral fissure,外側溝,,2012-11-26
304657,ectognatha,外顎口型的,,2012-11-26
304658,ectoentad,由外而內的,,2012-11-26
304659,ectodermalization,外胚層化,,2012-11-26
304660,ectodermal dysplasia,外胚層器官發育不良,,2012-11-26
304661,ectodermal derivative,外胚層衍生物,,2012-11-26
304662,ectoderm; epiblast,外胚層,,2012-11-26
304663,ectocyst,外包,,2012-11-26
304664,ectocuneiform; external cuneiform; lateral cuneiform,外楔骨,,2012-11-26
304665,ectocondyle,外骨髁,,2012-11-26
304666,ectochorium,外絨膜,,2012-11-26
304667,ectochondrostosis,軟骨膜骨化,,2012-11-26
304668,ectobronchus,外枝氣管,,2012-11-26
304669,ectoblast,外胚層；上胚層,,2020-03-13
304670,ectethmoid,外篩骨,,2012-11-26
304671,ectepicondyle,外上髁,,2012-11-26
304672,ectal,外側的；肢外片,,2012-11-26
304673,ecotype,生態型,,2012-11-26
304674,ecotone,生態交會區,,2012-11-26
304675,ecotope,生態區,,2012-11-26
304676,ecosystem,生態系,,2012-11-26
304677,ecosphere,生態圈,,2012-11-26
304678,economic zoology,經濟動物學,,2012-11-26
304679,economic entomology,經濟昆蟲學,,2012-11-26
304680,ecology,生態學,,2012-11-26
304681,ecological tolerance,生態耐力,,2012-11-26
304682,ecological threshold,生態臨界,,2012-11-26
304683,ecological succession,生態演替；生態消長,,2012-11-26
304684,ecological race,生態族,,2012-11-26
304685,ecological pyramid,生態金字塔,,2012-11-26
304686,ecological polymorphism,生態多型,,2012-11-26
304687,ecological optimum,生態最適度,,2012-11-26
304688,ecological niche,生態區位,,2012-11-26
304689,ecological isolation,生態隔離,,2012-11-26
304690,ecological island,生態島,,2012-11-26
304691,ecological factor,生態因素,,2012-11-26
304692,ecological equivalence,生態等值,,2012-11-26
304693,ecological divergence,生態趨異,,2012-11-26
304694,ecological complex,生態複雜性,,2012-11-26
304695,ecologic succession,生態消長,,2012-11-26
304696,ecologic niche,生態區位,,2012-11-26
304697,ecologic isolation,生態隔離,,2012-11-26
304698,ecologic density,生態密度,,2012-11-26
304699,ecogeographical divergence,生態地理趨異,,2012-11-26
304700,ecogenesis,生態史,,2012-11-26
304701,ecocline,生態差型,,2012-11-26
304702,ecoclimate,生態氣候,,2012-11-26
304703,ecobiotic adaptation,生活環境適應,,2012-11-26
304704,eclosion,脫蛹；羽化,,2012-11-26
304705,eclipse plumage,冬羽,,2012-11-26
304706,eclampsia,子癇,,2012-11-26
304707,echromatin,常染色質,,2012-11-26
304708,echolocation,回音定位法,,2012-11-26
304709,ECHIUROIDEA,螠形動物門,,2012-11-26
304710,Echinosorex ,刺蝟（屬）,,2012-11-26
304711,Echinorhinus brucus ,笠鱗鮫,,2012-11-26
304712,echinopluteus,海膽滴水蚴；海膽幼蟲,,2012-11-26
304713,ECHINOPHTHIRIIDAE,海獸蝨科,,2012-11-26
304714,echinopaedium; dipleurula,對稱蚴；對稱幼蟲,,2012-11-26
304715,Echinonemus squameus  Billberg,稻象鼻蟲,,2012-11-26
304716,Echinoidea coli ,大腸桿菌,,2012-11-26
304717,ECHINOIDEA,海膽綱,,2012-11-26
304718,echinoderms,棘皮動物類,,2012-11-26
304719,ECHINODERMATA,棘皮動物門,,2012-11-26
304720,echinococcus,棘球蚴；棘球幼蟲,,2012-11-26
304721,echinococcosis,棘球蟲病,,2012-11-26
304722,echinochrome,海膽色蛋白,,2012-11-26
304723,Echimys chrysurus ,白臉棘鼠,,2012-11-26
304724,Echimys ,樹棘鼠（屬）,,2012-11-26
304725,ECHIMYIDAE,棘鼠科,,2012-11-26
304726,Echidna polyzona ,多環蝮鯙,,2012-11-26
304727,Echidna nebulosa ,星帶蝮鯙,,2012-11-26
304728,Echeneis naucrates ,長印魚,,2012-11-26
304729,ECHENEIDIDAE,鮣科,,2012-11-26
304730,ECHENEIDAE,印魚科；鮣科,,2012-11-26
304731,ecdysone,蛻皮激素,,2012-11-26
304732,ecdysis,蛻皮,,2012-11-26
304733,ecdysial suture,蛻皮縫,,2012-11-26
304734,eccrisis,排泄,,2012-11-26
304735,eccyesis,子宮外孕,,2012-11-26
304736,ecaudate,無尾的,,2012-11-26
304737,ecarinate; ecarinatus,無龍骨的；無隆線的,,2012-11-26
304738,ECARDINES,無關節目,,2012-11-26
304739,ecalcarate,無距的,,2012-11-26
304740,ecad,適應型,,2012-11-26
304741,EC cell,腸嗜鉻細胞,,2012-11-26
304742,Ebosia bleekeri ,布氏簑釉鮋,,2012-11-26
304743,ebiont,原始生命物質,,2012-11-26
304744,eating disorder,飲食異常,,2012-11-26
304745,Eastern Water Snake; Sinonatrix percarinata ,白腹遊蛇,,2012-11-26
304746,earwig,蠼螋,,2012-11-26
304747,early variety,早熟品種,,2012-11-26
304748,early telophase,早末期,,2012-11-26
304749,early humans,早期人類,,2012-11-26
304750,early gene,早期基因,,2012-11-26
304751,early ectoblastic cavity,初期胚外腔；外胚層原腔,,2012-11-26
304752,eardrum; tympanic membrane,鼓膜,,2012-11-26
304753,ear stone; otolith,耳石,,2012-11-26
304754,ear sand; otoconia,耳砂,,2012-11-26
304755,ear ossicle,聽骨；耳小骨,,2012-11-26
304756,ear field,耳區,,2012-11-26
304757,ear coverts,耳羽,,2012-11-26
304758,ear conch,耳殼,,2012-11-26
304759,EACANTHOCEPHALA,始鉤頭蟲目,,2012-11-26
304760,Dytuscus ,龍蝨（屬）,,2012-11-26
304761,DYTISCIDAE,龍蝨科,,2012-11-26
304762,dysvitaminosis,維生素缺乏症,,2012-11-26
304763,dystrophy,失養；營養不良,,2012-11-26
304764,dystrophia adiposogenitalis,肥胖性生殖無能,,2012-11-26
304765,dystocia,難產,,2012-11-26
304766,dysproteinemia,異常蛋白血症,,2012-11-26
304767,dyspnea; dyspnoea,呼吸困難,,2012-11-26
304768,dysplasia,發育不良,,2012-11-26
304769,dysploid,非整倍體,,2012-11-26
304770,dyspituitarism,垂體機能障礙,,2012-11-26
304771,dyspepsia,消化不良,,2012-11-26
304772,dysphagia,咽下困難,,2012-11-26
304773,dyspareunia,性交困難,,2012-11-26
304774,dysostosis multiple,成骨不全；骨發育不良,,2012-11-26
304775,dysosteosclerosis,異常骨硬化,,2012-11-26
304776,dysosmia,嗅覺異常,,2012-11-26
304777,DYSOMMIDAE,盲糯鰻科,,2012-11-26
304778,dysmorphic dwarfism,畸形侏儒症,,2012-11-26
304779,Dysmicoccus brevipes  (Cockerell),粉介殼蟲；鳳梨粉介殼蟲,,2020-03-19
304780,dysmenorrhea,痛經,,2012-11-26
304781,dyslipoproteinemia,異常脂蛋白血症,,2012-11-26
304782,dyslipidemia,異常血脂症,,2012-11-26
304783,dyshidrosis,流汗異常；汗庖,,2012-11-26
304784,dysgerminoma,惡性胚胎瘤,,2012-11-26
304785,dysgenitalism,生殖器發育不育,,2012-11-26
304786,dysgenic,劣生的；劣種的,,2012-11-26
304787,dysgenetic,生殖力不全的；不育的,,2012-11-26
304788,dysfunctional,功能異常,,2012-11-26
304789,dysesthesia,感覺遲鈍；感受性不良,,2012-11-26
304791,dysentery (dysenteria),痢疾; 赤痢,,2012-11-26
304792,Dysdercus cingulatus  (Fabricius); Dysdercus megalophagus  Breddin,赤星椿象,,2012-11-26
304793,Dyscophus antongilii ,安東吉利紅蛙,,2012-11-26
304794,dys-β lipoproteinemia,異常β脂蛋白血症,,2012-11-26
304795,dysautonomia,自主神經障礙,,2012-11-26
304796,dysalbuminemia,異常白蛋白血症,,2012-11-26
304797,dysarthria,發音困難,,2012-11-26
304798,dysaemia; dysemia,血中毒,,2012-11-26
304799,dynein,動力蛋白,,2012-11-26
304800,dyne,達因（力之單位）,,2012-11-26
304801,dynamic test,動力試驗,,2012-11-26
304802,dynamic equilibrium,動態平衡,,2012-11-26
304803,dynameter; dynamometer,液壓計；肌力計,,2012-11-26
304804,dyes,染料,,2012-11-26
304805,dyad; diad,二價染色體；二分子,,2012-11-26
304806,dwellings of early man,早期人類棲所,,2012-11-26
304807,dwarfism,侏儒病,,2012-11-26
304808,Dwarf Monitor Tegu,黃斑巨鞭尾蜥,,2020-03-13
304809,dwarf male,矮雄,,2012-11-26
304810,Dusicyon gymnocercus ,巴拉圭狐,,2012-11-26
304811,Dusicyon griseus ,阿札拉狐；灰狐,,2012-11-26
304812,Dusicyon fulvipes ,阿札拉狐,,2012-11-26
304813,Dusicyon culpaeus ,寇巴俄狐,,2012-11-26
304814,Dusicyon ,胡狼（屬）,,2012-11-26
304815,duritis,硬腦（脊）膜炎,,2012-11-26
304816,duration of life; longivity,壽命,,2012-11-26
304817,duramater spinalis,硬脊膜,,2012-11-26
304818,dura mater,硬腦膜,,2012-11-26
304819,duplicity theory,雙重視覺學說,,2012-11-26
304820,duplicitas,雙連胚；駢胚,,2012-11-26
304821,DUPLICIDENTATA; LAGOMORPHA,倍齒亞目；（兔形目）,,2012-11-26
304822,duplication,重複染色體,,2020-03-11
304823,duplicate gene,重複基因,,2012-11-26
304824,duplex uterus,重複子宮,,2012-11-26
304825,duplex placenta,兩葉胎盤,,2012-11-26
304826,duplex,雙顯性組合；重複的,,2012-11-26
304827,duodenum,十二指腸,,2012-11-26
304828,duodenal,十二指腸的,,2012-11-26
304829,duodenal vein,十二指腸靜脈,,2012-11-26
304830,duodenal ulcers,十二指腸潰瘍,,2012-11-26
304831,duodenal papilla,十二指腸乳突,,2012-11-26
304832,duodenal lymph gland,十二指腸淋巴腺,,2012-11-26
304833,duodenal impression,十二指腸壓痕,,2012-11-26
304834,duodenal glands; Brunner's glands; glandulae duodenales,十二指腸腺,,2012-11-26
304835,dulin,濱鷸,,2012-11-26
304836,duodenal artery,十二指腸動脈,,2012-11-26
304837,Dunes Lizard,那米比沙蜥,,2020-03-11
304838,dumping syndrome,胃傾倒症侯群,,2012-11-26
304839,Dumeril's Boa,杜梅瑞氏蚺,,2020-03-06
304840,dumb-bell bone; prevomer,啞鈴骨,,2012-11-26
304841,dulosis,奴蟻,,2012-11-26
304842,DULIDAE,棕櫚[即鳥]科,,2012-11-26
304843,dulcitol; dulcite; dulcose,甜醇,,2012-11-26
304844,DUGONGIDAE,儒艮科,,2012-11-26
304845,Dugong dugon ,儒艮,,2012-11-26
304846,ductus venosus (Arantii),靜脈導管,,2012-11-26
304847,ductus thyreoglossus,甲狀舌管；盾舌管,,2012-11-26
304848,ductus semicirculares,半規管,,2012-11-26
304849,ductus reuniens,連合管,,2012-11-26
304850,ductus epididymidis,副睪管,,2012-11-26
304851,ductus ejaculatorius,射精管,,2012-11-26
304852,ductus deferens; vas deferens,輸精管,,2012-11-26
304853,ductus arterious (Botalli),動脈導管,,2012-11-26
304854,ductulus efferens (pl. ductuli efferentes),導精小管；輸出小管,,2012-11-26
304855,ductulus abberens (epididymidis),迷管（附睪）,,2012-11-26
304856,ductless gland,無管腺；內分泌腺,,2012-11-26
304857,duct of Wirsung,維生氏管,,2012-11-26
304858,duct of Ravinus,來文氏管,,2012-11-26
304859,duct of Cuvier,朱維而氏導管,,2012-11-26
304860,duct gland,有管腺,,2012-11-26
304861,duct (pl. -tus),管,,2012-11-26
304862,duckbills,鴨嘴鱸形鰧類,,2012-11-26
304863,duckbilled platypus,鴨嘴獸,,2012-11-26
304864,duckbill; Platypus ,鴨嘴獸,,2012-11-26
304865,Duchenne muscular dystrophy,杜興氏肌肉失養症,,2012-11-26
304866,dual-photon absorptiometry,雙光子吸收測定法,,2012-11-26
304867,dual species,姐妹種,,2012-11-26
304868,DRYOPIDAE,泥蟲科,,2012-11-26
304869,dual phenomenon,雙重現象,,2012-11-26
304870,druse,晶簇,,2012-11-26
304871,drums,鼓聲魚類（石首魚類俗名）,,2012-11-26
304872,drum membrande; tympanic membrane,鼓膜,,2012-11-26
304873,DROSOPHILIDAE,猩猩蠅科,,2012-11-26
304874,Drosophila melanogaster ,黑腹猩猩蠅；黑腹果蠅,,2012-11-26
304875,Drosophila ,猩猩蠅（屬）,,2012-11-26
304876,dropsy; edema,水腫,,2012-11-26
304877,drone,雄蜂,,2012-11-26
304878,dromotropic,變更神經傳導性,,2012-11-26
304879,dromograph,血流速度描記器,,2012-11-26
304880,dromogram,血流速度描記,,2012-11-26
304881,Dromasaurian ,固頷龍（屬）,,2012-11-26
304882,Dromaius novaeholladaiae ,鴯鶓,,2012-11-26
304883,DROMAIIDAE,鴯鶓科,,2012-11-26
304884,dromaeognathus,固腭型；固頜型,,2012-11-26
304885,DROMADIDAE,蟹鴴科,,2012-11-26
304886,DREPANIDIDAE,管舌鳥科,,2012-11-26
304887,DREPANIDAE,鉤蛾科；雞籠鯧科,,2012-11-26
304888,Drepane punctata ,斑點簾鯛；斑點雞籠鯧,,2012-11-26
304889,Drepane longimana ,條紋簾鯛,,2012-11-26
304890,Dremomys pernyi ,長吻松鼠,,2012-11-26
304891,Dremomys ,長吻松鼠（屬）,,2012-11-26
304892,dragonflies,蜻蛉；豆娘,,2012-11-26
304893,dragonfishes; Antarctic,南極淵龍鰧類,,2012-11-26
304894,DRACONETTIDAE,龍[魚街]科,,2012-11-26
304895,Draco blandifordi,裸耳飛蜥,,2020-03-13
304896,draco,飛蜥,,2012-11-26
304897,Dracaena guianensis,圭亞那凱門鱷蜥,,2020-03-13
304898,Down's syndrome,唐氏症侯群；21-三體蒙古癡呆先天性疾病,,2012-11-26
304899,down-regulation,調降,,2012-11-26
304900,down feather; plumule; downy,絨羽,,2012-11-26
304901,douche; as method of contraception,沖洗法（避孕方式之一）,,2012-11-26
304902,Double-crested Basilisk,綠雙冠蜥,,2020-03-19
304903,double type of circulation,複式循環,,2012-11-26
304904,double monster,連體嬰,,2012-11-26
304905,double helix,雙螺旋,,2012-11-26
304906,double fertilization,雙重受精,,2012-11-26
304907,double decomposition,雙重分解,,2012-11-26
304908,double cross,雙雜交,,2012-11-26
304909,double blind experiments,雙盲試驗,,2012-11-26
304910,dottybacks,點背魚類（擬雀鯛類）,,2012-11-26
304911,Dosiniinae,鏡文蛤亞科,,2012-11-26
304912,Dorysthenes hydropicus  (Pascoe),甘蔗鋸天牛,,2012-11-26
304913,Doryrhamphus melanopleura ,黑腹海龍,,2012-11-26
304914,dorso-ventral muscle,背腹肌,,2012-11-26
304915,dorsolateral,背外側的,,2012-11-26
304916,dorsolateral surface; facies convexa cerebri,大腦凸面,,2012-11-26
304917,dorsolateral sulcus,背側溝,,2012-11-26
304918,dorsolateral groove,背側溝,,2012-11-26
304919,dorsolateral column; fasciculus cuneatus,背側柱；楔狀束,,2012-11-26
304920,dorsolateral cell column,背側細胞柱,,2012-11-26
304921,dorsiventral,背腹兩面的,,2012-11-26
304922,dorsiventral symmetry,腹背對稱,,2012-11-26
304923,dorsiferous,背負幼兒的；葉背芽孢（植）,,2012-11-26
304924,dorsibronchus,背枝氣管,,2012-11-26
304925,dorsal vessel,背血管,,2012-11-26
304926,dorsal valve,背瓣；背片,,2012-11-26
304927,dorsal umbilicus,背臍,,2012-11-26
304928,dorsal tracheal trunk,背氣管幹,,2012-11-26
304929,dorsal surface,背側面,,2012-11-26
304930,dorsal sinus,背血竇,,2012-11-26
304931,dorsal root ganglia,背根節,,2012-11-26
304932,dorsal ramus,背枝,,2012-11-26
304933,dorsal pore,背孔,,2012-11-26
304934,dorsal organ,背器,,2012-11-26
304935,dorsal ocellus,背單眼,,2012-11-26
304936,dorsal nerve tube,背神經管,,2012-11-26
304937,dorsal nerve cord,背神經索,,2012-11-26
304938,dorsal longitudinal trunk,背部縱幹（氣管）,,2012-11-26
304939,dorsal lip,背唇,,2012-11-26
304940,dorsal funiculus,背束,,2012-11-26
304941,dorsal flexure,背曲,,2012-11-26
304942,dorsal fissure,背裂,,2012-11-26
304943,dorsal diaphragm,背隔膜,,2012-11-26
304944,dorsal column,背柱,,2012-11-26
304945,dorsal ciliated epaulette,背纖毛繸,,2012-11-26
304946,dorsal branch,背枝,,2012-11-26
304947,dorsal arm,背臂（幕狀骨）,,2012-11-26
304948,dorsal aorta,背大動脈,,2012-11-26
304949,dorsad,背側,,2012-11-26
304950,Dormus dormas ; Conchodromus dromas ,多明尼加珍珠貝,,2012-11-26
304951,dormin,休眠素,,2012-11-26
304952,dormancy,休眠；蟄伏,,2012-11-26
304953,dories,海魴類俗名,,2012-11-26
304954,Dorcus schenklingi  Möllenkamp,長角大鍬形蟲,,2012-11-26
304955,Dorcus formosanus  Miwa,台灣大鍬形蟲,,2012-11-26
304956,DORADIDAE,棘鮠科,,2012-11-26
304957,dopamine β-hydroxylase,多巴胺－β－羥酶,,2012-11-26
304958,dopamine,多巴胺,,2012-11-26
304959,dopa; dihydroxyphenglalanine,度巴,,2012-11-26
304960,dopa quinone,度巴燐,,2012-11-26
304961,dopa oxidase,度巴氧化酶,,2012-11-26
304963,donor,輸血者；供血者；供給體,,2012-11-26
304964,DONACIDAE,斧蛤科,,2012-11-26
304965,Donacia lenzi  Schönfeldt,食根金花蟲,,2012-11-26
304966,dominigenes,顯性變更因子,,2012-11-26
304967,dominant trait,顯性系,,2012-11-26
304968,dominant,顯性,,2012-11-26
304969,dominance,顯性；優勢,,2012-11-26
304970,domestication,馴化,,2012-11-26
304971,domestic hog,豬,,2012-11-26
304972,dome receptor,鐘狀感受器,,2012-11-26
304973,Dolphinfishes,鯕鰍類；鬼頭刀,,2012-11-26
304974,dolphin,海豚,,2012-11-26
304975,DOLIOLIDA,環肌目,,2012-11-26
304976,doliolaria,琵琶桶蚴,,2012-11-26
304977,Dolichotis patagonum ,兔豚鼠,,2012-11-26
304978,Dolichotis ,兔豚鼠（屬）,,2012-11-26
304979,dolichostenomelia,細長指,,2012-11-26
304980,DOLICHOSOMA,隱肢目,,2012-11-26
304981,Dolichosaurus ,蜓龍（屬）,,2012-11-26
304982,DOLICHOPSYLLIDAE; CERATOPHYLLIDAE,棘蚤科,,2012-11-26
304983,DOLICHOPODIDAE,長腳蠅科,,2012-11-26
304984,dolichocephalic,長顱型,,2012-11-26
304985,dolabriform,斧形的,,2012-11-26
304986,Dogania subplana ,鱉,,2012-11-26
304987,dodular,結節狀,,2012-11-26
304988,Dodo,度度鳥,,2012-11-26
304989,Doderleinia berycoides ,紅鱸,,2012-11-26
304990,Doderleinia ,赤鮭（屬）,,2012-11-26
304991,DOCODONTA,粱齒目,,2012-11-26
304992,Docodon ,粱齒獸（屬）,,2012-11-26
304993,dobson flies,蛇蜻蛉,,2012-11-26
304994,DNA dependent RNA polymerase,依賴DNA的RNA聚合酶,,2012-11-26
304995,DNA provirus,DNA原病毒,,2012-11-26
304996,DNA polymerase,DNA聚合酶,,2012-11-26
304997,D-mannosidase,右旋甘露糖酶,,2012-11-26
304998,D-mannose,右旋甘露糖,,2012-11-26
304999,D-mannitol,右旋甘露醇；右旋己六醇,,2012-11-26
305000,DLEUROTOMARIOIDEA,翁戎螺超科,,2012-11-26
305001,dizygotic twins; dichorial twins; fraternal twins,二卵性雙胎,,2012-11-26
305002,DIXIDAE,細紋科,,2012-11-26
305003,dixenous,二主性寄生,,2012-11-26
305004,division,部；類（分類）；分裂,,2012-11-26
305005,Diving Petrel,鵜燕,,2012-11-26
305006,diving beetle,龍蝨,,2012-11-26
305007,diverticulum (pl. -la),膨大部；囊狀部,,2012-11-26
305008,diversifying selection,多向性選擇,,2012-11-26
305009,divergent evolution,趨異演化,,2012-11-26
305010,divergence,趨異；開度（植）,,2012-11-26
305011,divaricate,分叉的；分歧的,,2012-11-26
305012,diurnal,晝行性,,2012-11-26
305013,diurnal rhythm,日周期,,2012-11-26
305014,diurnal animal,晝行性動物,,2012-11-26
305015,diuretica,利尿劑,,2012-11-26
305016,disulfide linkage,雙硫連結,,2012-11-26
305017,disticardo,基節端片,,2012-11-26
305018,distalia,觸角端節；遠側渚骨片,,2012-11-26
305019,distal end,遠端,,2012-11-26
305020,distal convolution,遠側迂迴部,,2012-11-26
305021,distal convoluted tubule; of nephron,遠曲小管（腎元）,,2012-11-26
305022,distal chiasma,遠側交叉,,2012-11-26
305023,dissociation,變異,,2012-11-26
305024,dissimilation; catabolism,異化；分解代謝,,2012-11-26
305025,dissepiment,隔壁；隔膜,,2012-11-26
305026,dissemination,播散,,2012-11-26
305027,disposal rate,清除速率,,2012-11-26
305028,dispersion,散佈,,2012-11-26
305029,disperse phase; internal phase,分散質；內質；內相,,2012-11-26
305030,disperse medium,分散媒,,2012-11-26
305031,dispersal of population,族群之散布,,2012-11-26
305032,dispersal flight,分散飛翔,,2012-11-26
305033,dispermy,雙精入卵,,2012-11-26
305034,dispermic egg,雙精卵,,2012-11-26
305035,disomaty,雙倍體細胞形成,,2012-11-26
305036,dislocation,離位；脫位,,2012-11-26
305037,disjunction of chromosomes,染色體分離,,2012-11-26
305038,disintegration,解體；蛻變,,2012-11-26
305039,disinfection,消毒法,,2012-11-26
305040,disinfectant,消毒劑,,2012-11-26
305041,disfunction,機能失常,,2012-11-26
305042,disequilibration,平衡不穩,,2012-11-26
305043,discus proligerus,卵座,,2012-11-26
305044,discus,盤；座,,2012-11-26
305045,Discurus aeneus ,小卷尾,,2012-11-26
305046,discontinuous variation,不連續變異,,2012-11-26
305047,disconcordant twin,相異雙生,,2012-11-26
305048,discolored water,赤潮,,2012-11-26
305049,discoidal,盤狀,,2012-11-26
305050,discoidal placenta,盤狀胎盤,,2012-11-26
305051,discoidal cleavage; discoidal division; discoidal segmentation; meroblastic cleavage,盤割,,2012-11-26
305052,DISCOGLOSSIDAE,盤舌科,,2012-11-26
305053,DISCOCEPHALI; DISCOCEPHALIDA,盤頭目,,2012-11-26
305054,discoblastula,盤囊胚,,2012-11-26
305055,disclimax,人為頂峰群集,,2012-11-26
305056,discal,盤狀的；中區的,,2012-11-26
305057,discal scutellars,小盾鬃,,2012-11-26
305058,discal cell,中室；圓盤室,,2012-11-26
305059,discal bristle,腹背鬃,,2012-11-26
305060,disc,體盤,,2012-11-26
305061,discal area,中域,,2012-11-26
305062,disaccharide; disaccharose,雙醣,,2012-11-26
305063,Diretmus argenteus ,黑銀眼鯛,,2012-11-26
305064,DIRETMIDAE,洞鰭鯛科；銀眼鯛科,,2012-11-26
305065,directional selection,定向選拔,,2012-11-26
305066,directed mutation,定向突變,,2012-11-26
305067,direct muscle,直接肌（翅部）,,2012-11-26
305068,direct metaplasia,直接化生,,2012-11-26
305069,direct metamorphoris,直接變態,,2012-11-26
305070,direct injurious insect,直接害蟲,,2012-11-26
305071,direct genetic continuity,直接遺傳延續性,,2012-11-26
305072,direct division; amitosis,直接分裂；無絲分裂,,2012-11-26
305073,direct beneficial insect,直接益蟲,,2012-11-26
305074,Dipterygonotus leucogrammicus ,紅雙鰭梅鯛,,2012-11-26
305075,dipterocecidium,蠅癭,,2012-11-26
305076,DIPTERIMORPHA,雙鰭魚總目,,2012-11-26
305077,DIPTERA,雙翅目,,2012-11-26
305078,DIPTERIFORMES,雙鰭肺魚目,,2012-11-26
305079,DIPROTODONTIA,雙門齒目,,2012-11-26
305080,DIPROTONODONTIA,雙門齒亞目,,2012-11-26
305081,diprotodont,雙門齒型,,2012-11-26
305082,DIPRIONIDAE,松葉蜂科,,2012-11-26
305083,Dipper,河烏,,2012-11-26
305084,diporpa,雙體幼胚,,2012-11-26
305085,dipolar; bipolar,雙極的,,2012-11-26
305086,Dipodomys merriami ,梅氏跳囊鼠,,2012-11-26
305087,Dipodomys ,跳囊鼠（屬）,,2012-11-26
305088,DIPODIDAE,跳鼠科,,2012-11-26
305089,DIPNOI,肺魚目,,2012-11-26
305090,DIPNEUSTOMORPHA,肺魚形首目,,2012-11-26
305091,DIPNEUSTI,肺魚亞網,,2012-11-26
305092,DIPLURA,雙尾目,,2012-11-26
305093,diplotene,雙帶,,2012-11-26
305094,diplotene stage,雙帶期,,2012-11-26
305095,diplospondylous,雙體椎,,2012-11-26
305096,diplosomia,聯體雙胎,,2012-11-26
305097,diplosome,雙中心體,,2012-11-26
305098,diplosis,倍增（染色體）,,2012-11-26
305099,diplosegments,雙體節,,2012-11-26
305100,Diploprion bifasciatus ,雙帶鱸,,2012-11-26
305101,DIPLORHINA,雙鼻魚網,,2012-11-26
305102,diplopore,雙孔器,,2012-11-26
305103,DIPLOPODA,倍足綱,,2012-11-26
305104,diploplacula,雙層平囊胚,,2012-11-26
305105,diplopia,複視,,2012-11-26
305106,diplont,雙倍染色體個體,,2012-11-26
305107,diplonema,雙股,,2012-11-26
305108,DIPLOMYSTIDAE,二鬚鯰；重頜鮠科,,2012-11-26
305109,diploid parthenogenesis,二倍單性生殖,,2012-11-26
305110,diploid number,二倍數；雙套數,,2012-11-26
305111,diploid,二元；雙套,,2012-11-26
305112,Diplogrammus xenicus ,多棘鼠[魚街]魚,,2012-11-26
305113,diploglossate,舌能返折的,,2012-11-26
305114,DIPLOGLOSSA,蛇蜥次亞目,,2012-11-26
305115,diploe,鬆骨質；蠍尾,,2012-11-26
305116,Diplodocus ,梁龍（屬）,,2012-11-26
305117,Diplococcus pneumoniae ,肺炎雙球菌,,2012-11-26
305118,Diplococcus ,雙球菌（屬）,,2012-11-26
305119,diplococci,雙球菌,,2012-11-26
305120,Diplocaulus ,雙柄蜥（屬）,,2012-11-26
305121,diplocaryon; diplokaryon; amphikaryon,雙組染色體核,,2012-11-26
305122,diploblastic oranisms,兩胚層生物,,2012-11-26
305123,diplobiont,有性無性二型種,,2012-11-26
305124,Diplobacillus ,雙桿菌（屬）,,2012-11-26
305125,dipleurula,對稱蚴；對稱幼蟲,,2012-11-26
305126,diplasiocoelous vertebra,雙凹型脊椎,,2012-11-26
305127,DIPLASIOCOELA,兩盤凹目,,2012-11-26
305128,diplarthrous,錯列型的,,2012-11-26
305129,DIPLACANTHIDAE,雙棘魚科,,2012-11-26
305130,diphyodont,再出齒；一換性齒,,2012-11-26
305131,Diphyllobothrium ,裂頭絛蟲（屬）,,2012-11-26
305132,diphyllobothriasis,裂頭絛蟲病,,2012-11-26
305133,DIPHYLLIDEA,二葉目,,2012-11-26
305134,diphyletic,二源的,,2012-11-26
305135,diphygenic,二胚發生,,2012-11-26
305136,diphygenetic,二胚性,,2012-11-26
305137,diphycercal tail,圓尾形；對稱尾,,2012-11-26
305138,diphtheroids,類白喉,,2012-11-26
305139,diphtheria,白喉症,,2012-11-26
305140,diphosphopyridine nucleotide (DPN),二磷吡啶核苷酸,,2012-11-26
305141,diphosphonate,雙磷酸,,2012-11-26
305142,diphasic response,雙態反應；複態反應,,2012-11-26
305143,dipeptidase,雙肽酶,,2012-11-26
305144,DIOTOCARDIA (=ARCHAEOGASTROPODA),雙心耳目（=始腹足目）,,2012-11-26
305145,diopter; dioptric; dioptry,屈光度；折光單位,,2012-11-26
305146,dionychous,具二爪的,,2012-11-26
305147,DIOMEDEIDAE,信天翁科,,2012-11-26
305148,diodrant; diodonte,碘清除劑,,2012-11-26
305149,DIODONTIDAE,二齒魨科,,2012-11-26
305150,Diodon hystrix ,斑點刺河魨,,2012-11-26
305151,Diodon halacanthus ,刺河魨,,2012-11-26
305152,diocoel; third ventricle,間腦室；第三腦室,,2012-11-26
305153,Dinotherium ,恐獸（屬）,,2012-11-26
305154,dinotheres,恐獸類,,2012-11-26
305155,Dinosaur ,恐龍（屬）,,2012-11-26
305156,DINORNITHIFORMES,奇威鳥目,,2012-11-26
305157,DINOPTERYGIDAE,巨鰭鯛科,,2012-11-26
305158,DINOPERCIDAE,洞鯛科,,2012-11-26
305159,Dinomys branickii ,偽【白+犬】【犭+加】,,2012-11-26
305160,Dinomys ,偽【白+犬】【犭+加】（屬）,,2012-11-26
305161,DINOMYIDAE,偽【白+犬】【犭+加】科,,2012-11-26
305162,DINOLESTIDAE,海盜鯛科,,2012-11-26
305163,Dinohyus ,恐豕（屬）,,2012-11-26
305164,DINOFLAGELLATA,渦鞭目,,2012-11-26
305165,Dinodon septertrionale ruhstrati ,白梅花蛇,,2012-11-26
305166,Dinodon rufozonatum var formosana ,紅斑蛇,,2012-11-26
305167,Dinodon rufozonatum ; Red Banded Snake,紅斑蛇,,2012-11-26
305168,Dinodon ,恐角龍（屬）,,2012-11-26
305169,Dinoderus minutus  (Fabricius),長小蠹蟲,,2012-11-26
305170,DINOCERATA,恐角目,,2012-11-26
305171,Dinocephalians ,恐首龍（屬）,,2012-11-26
305172,dinitrophenol,二硝基酚,,2012-11-26
305173,DINICHTHYIDAE,巨魚科,,2012-11-26
305174,dinergate,兵蟻,,2012-11-26
305175,Dimorphodon ,二型龍（屬）,,2012-11-26
305176,dimorphism,二型；雙型,,2012-11-26
305177,dimorphic,二形的；雙型的,,2012-11-26
305178,dimodal curve,二項曲線,,2012-11-26
305179,dimidiate,半的,,2012-11-26
305180,Dimetrodon ,長棘龍（屬）,,2012-11-26
305181,dimerous,分二部的；二跗節的,,2012-11-26
305182,dimer,二聚體,,2012-11-26
305183,diluvial epoch,洪積世,,2012-11-26
305184,diluent,稀釋劑,,2012-11-26
305185,DILARIDAE,櫛角蜻蛉科,,2012-11-26
305186,dilambdodont,人字形脊臼齒,,2012-11-26
305187,dikaryotic cells,雙核體細胞,,2012-11-26
305188,dikaryotic,雙核的,,2012-11-26
305189,dikaryophase,雙核期,,2012-11-26
305190,dikaryon,雙核；雙核體,,2012-11-26
305191,dikaryocyte,雙核細胞,,2012-11-26
305192,diiodotyrosine,二碘乾酪胺酸,,2012-11-26
305193,diiodothyronine,二碘甲狀腺胺酸,,2012-11-26
305194,dihydroxyvitamin D,二羥維生素D,,2012-11-26
305195,dihydroxyphenyloalanine decarboxylase,二羥酚丙胺酸去羥酶,,2012-11-26
305196,dihydroxyphenylalanine; dopa,度巴色素；度巴,,2012-11-26
305197,dihydroxybenzene,二羥苯,,2012-11-26
305198,dihydroxyacetone,二羥丙酮,,2012-11-26
305199,dihydrotestosteron (DHT),二氫睪（固）酮,,2012-11-26
305200,dihydrotachysterol,二氫育脂醇,,2012-11-26
305201,dihydrocholesterol,二氫膽固醇,,2012-11-26
305202,dihydrobiopteridine reductase,二氫升喋啶還原酶,,2012-11-26
305203,dihybrid cross,二性狀雜合體互交,,2022-05-20
305204,dihybrid,二性狀雜合體,,2022-05-20
305205,DIHPPA (3;5-diiodo-4-hydroxy-phenyl pyruvic acid),3;5－雙碘－4－羥－苯丙酮酸,,2012-11-26
305206,digitus,趾（指）,,2012-11-26
305207,digitule,趾毛,,2012-11-26
305208,digitoxose,毛地黃毒糖,,2012-11-26
305209,digitoxin,毛地黃毒素,,2012-11-26
305210,digitigrade,趾行性；趾行獸,,2012-11-26
305211,digitiform,指狀的,,2020-03-09
305212,digitation,指狀突起,,2012-11-26
305213,digitalis,毛地黃,,2012-11-26
305214,digitalin; digitalinum,毛地黃素,,2012-11-26
305215,digitaliform,指狀的,,2020-03-09
305216,digital vein,指靜脈,,2012-11-26
305217,digital synovial sheath,指腱鞘；指腱鞘,,2012-11-26
305218,digital pad,趾墊,,2012-11-26
305219,digital impression,指狀痕；腦痕,,2012-11-26
305220,digital gland,指狀腺；直腸腺,,2012-11-26
305221,digital fascia,指肌膜,,2012-11-26
305222,digital artery,指動脈,,2012-11-26
305223,digger wasp,土蜂,,2012-11-26
305224,digestive tract,消化道,,2012-11-26
305225,digestive system,消化系統,,2012-11-26
305226,digestive gland,消化腺,,2012-11-26
305227,digestive organ,消化器官,,2012-11-26
305228,digestive epithelium,消化上皮,,2012-11-26
305229,digestive cells,消化細胞,,2012-11-26
305230,digestive canal,消化管,,2012-11-26
305231,digestive apparatus,消化器,,2012-11-26
305232,digestion,消化（作用）,,2012-11-26
305233,digenic,二基因的,,2012-11-26
305234,digenetic,異殖生活史的,,2012-11-26
305235,digenesis,世代交替（異殖性）,,2012-11-26
305236,DIGENEA,複殖目,,2012-11-26
305237,Digastricus muscle,二腹肌（下頜）,,2012-11-26
305238,digamety,異型配子,,2012-11-26
305239,digametic,異配子型的,,2012-11-26
305240,diffusion constant,擴散常數,,2012-11-26
305241,diffusion,擴散作用,,2012-11-26
305242,diffusible polypeptide,擴散性多胜,,2012-11-26
305243,diffuse placenta,散漫胎盤；收佈胎盤,,2012-11-26
305244,diffuse nontoxic goiter,瀰漫非毒性甲狀腺種,,2012-11-26
305245,diffuse nervous system,散漫神經系,,2012-11-26
305246,diffusate,擴散物質,,2012-11-26
305247,differentiation factor,分化因子,,2012-11-26
305248,differentiation,分化；分化過程,,2012-11-26
305249,differential staining,鑑別染色法,,2012-11-26
305250,differential segment,染色體異節,,2012-11-26
305251,differential permiability,半滲透性,,2012-11-26
305252,differential medium,鑑別性培養劑,,2012-11-26
305253,differential inhibition,分化抑制,,2012-11-26
305254,differential centrifugation,分化離心,,2012-11-26
305255,differential blood count,血球分類計數,,2012-11-26
305256,diethylstilbesterol,己烯雌酚,,2012-11-26
305257,diethyl,二乙基,,2012-11-26
305258,dietary,食單；飲食規則,,2012-11-26
305259,diestrum; dioestrus,寡慾期；貧慾期,,2012-11-26
305260,diencephalon,間腦,,2012-11-26
305261,diencephalic syndrome,間腦症候群,,2012-11-26
305262,dieldrin,地特靈（藥效持久之殺蟲劑）,,2012-11-26
305263,diecious; dioecious,雌雄異體,,2012-11-26
305264,Didinium ,櫛毛蟲（屬）,,2012-11-26
305265,DIDELPIDAE,[鼠兒]科,,2012-11-26
305266,DIDELPHIMORPHIA,[鼠兒]目,,2012-11-26
305267,DIDELPHIA,雙子宮類,,2012-11-26
305268,DIDARIDAE,櫛角蜻蛉科,,2012-11-26
305269,Dicynodon ,牙龍（屬）,,2012-11-26
305270,DICYEMIDAE,二胚蟲科,,2012-11-26
305271,dictyosome,網體,,2012-11-26
305272,dictyokinesis,網體活動,,2012-11-26
305273,Dicrurus macrocercus ,大卷尾,,2012-11-26
305274,DICRURIDAE,卷尾科,,2012-11-26
305275,dicrotic pulse,重搏脈,,2012-11-26
305276,dicounmarol; dicumarol,敗壞翹搖素,,2012-11-26
305277,dicondylic,雙髁狀突的,,2012-11-26
305278,Diclidurus albus ,南美鬼蝠,,2012-11-26
305279,Diclidurus ,鬼蝠（屬）,,2012-11-26
305280,dichromatic; dichromic,二原色性,,2012-11-26
305281,dichotomy,二分法；叉生,,2012-11-26
305282,dichotomous,二叉的；二岐的,,2012-11-26
305283,dichorial twin; fraternal twin,二絨膜性雙胎,,2012-11-26
305284,Dichobunoides,丘齒類,,2012-11-26
305285,dichloroacetamide,二氯乙醯胺,,2012-11-26
305286,dicerous; dicerus,有二角的,,2012-11-26
305287,Diceros bicornis ,黑犀牛,,2012-11-26
305288,Diceros ,黑犀牛（屬）,,2012-11-26
305289,Dicerorhinus sumatrensis ,蘇門答臘犀牛,,2012-11-26
305290,Dicerorhinus ,亞洲雙角犀牛（屬）,,2012-11-26
305291,DICERATIIDAE,雙角鮟鱇科,,2012-11-26
305292,Dicentrarchus labrax ,舌齒鱸,,2012-11-26
305293,dicentral canal,椎體間溝；椎間溝,,2012-11-26
305294,dicaryon,雙核體,,2012-11-26
305295,Dicaeum ignipectus ,紅胸啄花,,2012-11-26
305296,DICAEIDAE,啄花鳥科,,2012-11-26
305297,dibutyryl cyclic adenosine monphosphate,二丁酸環單磷酸腺苷酸,,2012-11-26
305298,dibromotyrosine,二溴乾酪胺酸,,2012-11-26
305299,dibromoindigo,二溴靛,,2012-11-26
305300,DIBRANCHIA,二鰓目,,2012-11-26
305301,dibasic polyploid,二基體多倍數,,2012-11-26
305302,Dibamus novaeguinea,新幾內亞盲蜥,,2020-03-19
305303,DIBAMIDAE,盲蜥科,,2012-11-26
305304,DIBAMIA,盲蜥次亞目,,2012-11-26
305305,diazotization; dizotized,重氮化,,2012-11-26
305306,diazo reaction,重氮反應,,2012-11-26
305307,diaxon; diaxone,二軸突的；二軸突細胞,,2012-11-26
305308,diatropism,斜屈性,,2012-11-26
305309,diatomin,矽藻素,,2012-11-26
305310,diatomaceous earth; d. ooze,矽藻土,,2012-11-26
305311,diatom,矽藻,,2012-11-26
305312,diathesis,素質；素因,,2012-11-26
305313,diastral type,雙星型,,2012-11-26
305314,diastolic pressure,心舒壓；低血壓,,2012-11-26
305315,diastole,心舒期；舒緩,,2012-11-26
305316,diaster,雙星期,,2012-11-26
305317,diastem (pl. -tema),間隙；齒間隙,,2012-11-26
305318,diastasis,心舒張後期,,2012-11-26
305319,diastase,澱粉酶,,2012-11-26
305320,diastalsis,前進蠕動；波狀蠕動,,2012-11-26
305321,DIASPIDIDAE,圓介殼蟲科,,2012-11-26
305322,DIASOMA,雙體亞門,,2012-11-26
305323,diarthrosis,動關節,,2012-11-26
305324,Diarthrognathus ,動頷龍（屬）,,2012-11-26
305325,diarrhoea; diarrhea,腹瀉,,2012-11-26
305326,DIAPSIDA,倍弓亞網,,2012-11-26
305327,diapsid; dipsida,二弓型,,2012-11-26
305328,diapophysis (pl. -yses),椎勾突；椎弧橫突,,2012-11-26
305329,diaplarthrous,二接型；錯接型,,2012-11-26
305330,diaphysis,骨體；骨幹,,2012-11-26
305331,Diaphus ,眶燈魚（屬）,,2012-11-26
305332,diaphragma sella; diaphragma of saddle,鞍膈,,2012-11-26
305333,diaphragm muscle,隔膜肌,,2012-11-26
305334,diaphragm,橫膈；隔膜,,2012-11-26
305335,Diaphorina citri  Kuwayama,柑橘木蝨,,2012-11-26
305336,diaphorase,黃遞酶,,2012-11-26
305337,Diapheromera ,竹節蟲（屬）,,2012-11-26
305338,Diaphania indica  (Saunders),瓜螟,,2020-03-09
305339,diapedesis,爬越作用（白血球）,,2012-11-26
305340,diapause,休眠期,,2012-11-26
305341,diandric,雌性異型的,,2012-11-26
305342,diamino acid,雙胺基酸；雙胺酸,,2012-11-26
305343,diamine oxidase,雙胺氧化酶,,2012-11-26
305344,diamidines,雙脒劑,,2012-11-26
305345,dialyzing membrane,透析膜,,2012-11-26
305346,dialyzator; dialyzer,透析器,,2012-11-26
305347,dialysis,透析,,2012-11-26
305348,diallel crossing,二對因子雜交,,2012-11-26
305349,Dialister pneumosintes ,害肺桿菌；害肺小桿菌,,2012-11-26
305350,diakinesis,趨動期,,2012-11-26
305351,diahydrothelin; estradiol,二氫基動情激素,,2012-11-26
305352,diagonal cleavage,對角卵割,,2012-11-26
305353,diagnosis,特徵簡述；診斷,,2012-11-26
305354,diagenic,雄性異型的,,2012-11-26
305355,diadromous,扇形的；兩側迴游（自由進出海水淡水的）,,2012-11-26
305356,DIADECTOMORPHA,鈍頭龍亞目,,2012-11-26
305357,Diadectes,鈍頭龍,,2012-11-26
305358,diacylglycerol,二酸甘油脂,,2012-11-26
305359,diactinal,二輻體的,,2012-11-26
305360,diacele; diacoele,間腦室；第三腦室,,2012-11-26
305361,diacarboxylic acid cycle,二羧酸環路,,2012-11-26
305362,diacarboxylic acid,二羧酸,,2012-11-26
305363,diabetogenic hormone,生糖尿激素,,2012-11-26
305364,diabetogenic factor,致糖尿病因子,,2012-11-26
305365,diabetic retinopathy-proliferative,增生性糖尿病視網膜病變,,2012-11-26
305366,diabetic retinopathy-background,糖尿病視網膜病變背景,,2012-11-26
305367,diabetic retinopathy-preproliferative,前增生性糖尿病視網膜病變,,2012-11-26
305368,diabetic retinopathy-photocoagulation,糖尿病視網膜病變光凝,,2012-11-26
305369,diabetic retinapathy,糖尿病視網膜病變,,2012-11-26
305370,diabetic polyneuropathy,糖尿病多（發性）神經病變,,2012-11-26
305371,diabetic oculopathy,糖尿病眼病變,,2012-11-26
305372,diabetic neuropathy,糖尿病神經病變,,2012-11-26
305373,diabetic nephropathy,糖尿病腎病變,,2012-11-26
305374,diabetes mellitus,糖尿病,,2012-11-26
305375,diabetes insipidus,尿崩症,,2012-11-26
305376,diabetes gangrene,糖尿壞疽,,2012-11-26
305377,diabetes,糖尿病,,2012-11-26
305378,dextrose; glucose,右旋糖,,2012-11-26
305379,Dhaman Rat Snake; Ptyas mucosus ,南蛇,,2012-11-26
305380,dextrin,糊精,,2012-11-26
305381,dextran,類糊精,,2012-11-26
305382,dexiocardia; dextrocardia,右位心,,2012-11-26
305383,dew claw,懸蹄,,2012-11-26
305384,Devonian period,泥盆紀,,2012-11-26
305385,devolution,退行演化,,2012-11-26
305386,devitalisation,生機喪失,,2012-11-26
305387,devilfish,蝠魟,,2012-11-26
305388,deviation,偏差；同期趨異,,2012-11-26
305389,developmental zero,發育零點,,2012-11-26
305390,developmental rate,發育率,,2012-11-26
305391,developmental physiology,發育生理學,,2012-11-26
305392,developmental index,發育指數,,2012-11-26
305393,developmental genetics,發育遺傳學,,2012-11-26
305394,developmental balance theory,發育平衡說,,2012-11-26
305395,development,發育；發生,,2012-11-26
305396,DEUTOSTOMIA; DEUTEROSTOMIA,後口動物,,2012-11-26
305397,deutoplasmolysis,卵黃融解,,2012-11-26
305398,deutoplasm; deuteroplasm,滋養質,,2012-11-26
305399,deutomerite,次節,,2012-11-26
305400,deutocerebrum; deuterocerebrum,後大腦；次腦；第二腦節,,2012-11-26
305401,DEUTEROSTOMIA; DEUTOSTOMA,後口動物,,2012-11-26
305402,deuterostome,後口動物的,,2012-11-26
305403,deuteroporphyrin,氘紫質,,2012-11-26
305404,DEUTEROPHLEBIIDAE,擬糠蚊科,,2012-11-26
305405,deuteroparasite,二度寄生,,2012-11-26
305406,Deuteromycetes,半知菌類,,2012-11-26
305407,deuterogenesis,後期發生,,2012-11-26
305408,deuterocoel,真體腔,,2012-11-26
305409,deuterium,氘；重氫,,2012-11-26
305410,deutenteron,後起原腸,,2012-11-26
305411,detritvores,食碎屑動物,,2012-11-26
305412,detritus zone,廢物帶,,2012-11-26
305413,detritus,碎屑,,2012-11-26
305414,detritivor,食用碎屑的動物,,2012-11-26
305415,detoxication; detoxification,解毒作用,,2012-11-26
305416,detorsion,反（扭）轉,,2012-11-26
305417,determiner,因子；定子,,2012-11-26
305418,determination of sex,性別決定,,2012-11-26
305419,determination,預定胚區；測定,,2012-11-26
305420,determinate variation,定向變異,,2012-11-26
305421,determinate growth,定型生長；有限生長,,2012-11-26
305422,determinate evolution; orthogenesis,定向演化,,2012-11-26
305423,determinate cleavage; d. segmentation,定裂,,2012-11-26
305424,desynapsis,聯會消失,,2012-11-26
305425,destructure growth,破壞性發育,,2012-11-26
305426,desquamation,脫屑；落屑,,2012-11-26
305427,despiralization,螺旋消失；螺旋解體,,2012-11-26
305428,desoxyribonucleic acid; DNA,去氧核醣核酸,,2012-11-26
305429,desoxycorticosterone; deoxycorticosterone,去氧皮質固酮,,2012-11-26
305430,desoxycholic acid,去氧膽酸,,2012-11-26
305431,desmotubule,網狀管,,2012-11-26
305432,Desmostylus ,束齒獸（屬）,,2012-11-26
305433,DESMOSTYLIFORMES,繫莖目,,2012-11-26
305434,DESMOSTYLIA,束柱目,,2012-11-26
305435,DESMOSPONGIA,尋常海綿綱,,2012-11-26
305436,desmosome,胞橋小體；橋粒,,2012-11-26
305437,desmology,韌帶學,,2012-11-26
305438,desmolase,碳鏈酶,,2012-11-26
305439,desmognathous,繫腭型；繫頷型；纖維的,,2012-11-26
305440,desmo-,帶狀的；韌帶的；結締組織的,,2012-11-26
305441,DESMADONTIDAE,吸血蝠科,,2012-11-26
305442,desma,網狀針骨,,2012-11-26
305443,desiccation,乾燥；乾燥法；乾燥現象,,2012-11-26
305444,deserticolous,沙漠棲息的,,2012-11-26
305445,desert locust,沙漠飛蝗,,2012-11-26
305446,desert community,沙漠群集,,2012-11-26
305447,desensitization; desensibilization,脫敏感作用,,2012-11-26
305448,descriptive embryology,描述胚胎學,,2012-11-26
305449,descent of testis,睪丸下降,,2012-11-26
305450,descent of man,人類的起源,,2012-11-26
305451,descending vestibular root,前庭脊髓下降根,,2012-11-26
305452,descending limb (Henle's loop),降枝,,2012-11-26
305453,descending fiber,下行神經纖維,,2012-11-26
305454,descending current,下行電流,,2012-11-26
305455,descending colon,下行結腸,,2012-11-26
305456,desaturation,減飽和；稀化（作用）,,2012-11-26
305457,dertrum,上嘴端,,2012-11-26
305458,DEROTREMES,常孔目,,2012-11-26
305459,DERODONTIDAE,偽郭公科（易）,,2012-11-26
305460,dermotrophic virus,親皮膚性病毒,,2012-11-26
305461,Desmodus rotundus ,吸血蝠,,2012-11-26
305462,Desmodus ,吸血蝠（屬）,,2012-11-26
305463,Desert Iguana; Dipsosaurus dorsalis ,沙漠鬣蜥,,2012-11-26
305464,DERMOPTERA,皮翼目,,2012-11-26
305465,dermo-myotome,皮肌節,,2012-11-26
305466,dermo-muscular,皮肌的,,2012-11-26
305467,dermoid cyst,皮樣囊腫,,2012-11-26
305468,dermographis,皮膚畫紋症,,2012-11-26
305469,dermocranium; membranocrauium,膜顱,,2012-11-26
305470,Dermochelys coriacea,革龜,,2020-03-19
305471,DERMOCHELYIDAE,革龜科,,2012-11-26
305472,dermis; corium,真皮,,2012-11-26
305473,DERMESTIDAE,鰹節蟲科,,2012-11-26
305474,dermatozoon,皮膚寄生蟲,,2012-11-26
305475,dermatoskeleton; exoskeleton,膜骨,,2012-11-26
305476,DERMATOPHILIDAE,球蚤科；砂蚤科,,2012-11-26
305477,dermatomyositis,皮肌炎,,2012-11-26
305478,dermatomycosis,皮膚病,,2012-11-26
305479,dermatome cells,皮原節細胞,,2012-11-26
305480,dermatome,皮原節；皮節,,2012-11-26
305481,dermatofibrosarcoma,皮纖維肉瘤,,2012-11-26
305482,dermatoblast,皮母細胞,,2012-11-26
305483,dermatitis; herpetiformis,泡疹樣皮炎,,2012-11-26
305484,DERMATHMYIDAE,短尾龜科,,2012-11-26
305485,DERMATEMYDIDAE,河龜科,,2012-11-26
305486,dermarticulare; goniale,稜骨,,2012-11-26
305487,DERMAPTERA,皮翅目；革翅目,,2012-11-26
305488,dermal tissus,皮膜組織,,2012-11-26
305489,dermal respiration,皮膚呼吸,,2012-11-26
305490,dermal muscle,皮肌,,2012-11-26
305491,dermal mesethmoid,膜性中篩骨,,2012-11-26
305492,dermal layer,皮層,,2012-11-26
305493,dermal gland,皮腺,,2012-11-26
305494,dermal exoskeleton,真皮性外骨骼；膜性外骨骼,,2012-11-26
305495,dermal denticle; placoid scale dermal epithelium; exoderm,皮齒；盾鱗,,2012-11-26
305496,dermal branchium (pl. -chia),皮鰓,,2012-11-26
305497,dermal bone,膜骨；皮質骨,,2012-11-26
305498,derma; derm; dermis; corium; cutis vera,真皮,,2012-11-26
305499,DERICHTHYIDAE,長頸鰻科,,2012-11-26
305500,derepressors,降肌；減壓神經；抑制劑,,2012-11-26
305501,deproteinization,去蛋白質（作用）,,2012-11-26
305502,deprivation syndrome,喪失症；剝奪症,,2012-11-26
305503,depressor muscle,掣肌；下掣肌；下降肌,,2012-11-26
305504,depressor nerve,低壓神經,,2012-11-26
305505,depressor muscle (of tibia),下掣肌（脛節）,,2012-11-26
305506,depressed fracture,凹陷骨折,,2012-11-26
305507,depolymerisation,脫聚合（作用）,,2012-11-26
305508,depolarization,除極化,,2012-11-26
305509,depigmentation,脫色,,2012-11-26
305510,dependent differentiation,被動分化,,2012-11-26
305511,dependent development,被動發生,,2012-11-26
305512,deoxyribose,去氧核醣,,2012-11-26
305513,deoxyribonucleotides,去氧核醣核苷酸,,2012-11-26
305514,deoxyribonucleoprotein (DNP),去氧核醣核蛋白,,2012-11-26
305515,deoxyribonucleic acid (DNA),去氧核醣核酸,,2012-11-26
305516,deoxyribonuclease,脫氧核糖核酸酶,,2012-11-26
305517,deodorant,除臭劑,,2012-11-26
305518,denutrition,營養減少,,2012-11-26
305519,denuding,剝露,,2012-11-26
305520,denucleination,核酸減少,,2012-11-26
305521,dentition,齒數；齒列；齒類,,2012-11-26
305522,dentinogenesis,牙質生成,,2012-11-26
305523,dentine; dentin,齒質,,2012-11-26
305524,dentinal sheath,齒質鞘,,2012-11-26
305525,dentinal canaliculi,齒質小管,,2012-11-26
305526,dentin,齒質,,2012-11-26
305527,denticulate ligament,齒質韌帶,,2012-11-26
305528,DENTICIPITOIDEI,刺頭鯡亞目,,2012-11-26
305529,DENTICIPITIDAE,長頸鰻科；棘頭鯡科,,2012-11-26
305530,Dentex tumifrons ,赤鯮,,2012-11-26
305531,dentate,鋸齒緣；齒；牙,,2012-11-26
305532,dentary; dentale,齒骨,,2012-11-26
305533,dental vein,下齒槽靜脈,,2012-11-26
305534,dental sac,齒囊,,2012-11-26
305535,dental ridge,齒稜,,2012-11-26
305536,dental plate,齒板,,2012-11-26
305537,dental pattern,齒型,,2012-11-26
305538,dental papilla,齒乳突,,2012-11-26
305539,dental lamina,齒葉,,2012-11-26
305540,dental groove,齒溝,,2012-11-26
305541,dental formula,齒式,,2012-11-26
305542,dental alveoli,齒槽,,2012-11-26
305543,density-gradient centrifugation,密度梯度離心,,2012-11-26
305545,denitrifying bacteria,脫氮細菌,,2012-11-26
305546,denitrifacation,脫氮（作用）,,2012-11-26
305547,dengue fever,登革熱,,2020-03-09
305548,DENDROPHYLIIDAE,樹珊瑚科,,2012-11-26
305549,dendrophagous,食樹的,,2012-11-26
305550,dendron; dendrite,樹突,,2012-11-26
305551,Dendromus melanotis ,黑耳非洲攀緣鼠,,2012-11-26
305552,Dendromus ,非洲攀緣鼠（屬）,,2012-11-26
305553,Dendrolimus punctatus  (Walker),松毛蟲,,2012-11-26
305554,Dendrolimus ,松毛蟲（屬）,,2012-11-26
305555,Dendrolagus ursinus ,黑樹袋鼠,,2012-11-26
305556,Dendrolagus matschiei ,樹袋鼠,,2012-11-26
305557,Dendrolagus lumholtzi ,盧氏樹袋鼠,,2012-11-26
305558,Dendrolagus inustus ,灰樹袋鼠,,2012-11-26
305559,Dendrolagus bennettianus ,斑氏樹袋鼠,,2012-11-26
305560,Dendrolagus ,樹袋鼠（屬）,,2012-11-26
305561,dendro-entomology,樹木昆蟲學,,2012-11-26
305562,Dendrocopus leucotos ,大赤啄木,,2012-11-26
305563,Dendrocopus canicapillus ,小啄木,,2012-11-26
305564,DENDROCOLAPTIDAE,砍林鳥科,,2012-11-26
305565,dendrocola,樹棲的,,2012-11-26
305566,DENDROCHIROTA,枝手目,,2012-11-26
305567,DENDROBATIDAE,分趾蟾科,,2012-11-26
305568,Dendroapis viridis,綠曼巴蛇,,2020-03-11
305569,denatured proteins,變性蛋白,,2012-11-26
305570,denature,變性,,2012-11-26
305571,denaturation,變質（作用）,,2012-11-26
305572,demylination; demylinization; demylination,髓鞘脫失現象,,2012-11-26
305573,demulcens,刺激緩衝劑,,2012-11-26
305574,DEMOSPONGIA,尋常海棉綱,,2012-11-26
305575,DEMODICIDAE,面皰壁蝨蟲科,,2012-11-26
305576,demilunes,半月形細胞；半月形體,,2012-11-26
305577,demifacet,半關節面,,2012-11-26
305578,dementia praecox,早發性失智,,2015-01-21
305579,dementia paralytica,麻痺性失智,,2015-01-21
305580,deme,同類群；細胞集團,,2012-11-26
305581,demarkation potential; injury potential,分界電位；損傷電位,,2012-11-26
305582,deltoid ridge; d. tuberosity,三角肌隆起,,2012-11-26
305583,deltoid muscle,三角肌,,2012-11-26
305584,Deltocephalus dorsalis ; Recilia dorsalis  (Motschulsky),電光葉蟬,,2012-11-26
305585,deltidium,肉莖蓋,,2012-11-26
305586,Deltatherium ,三角獸（屬）,,2012-11-26
305587,DELTATHERIDIA,三角獸亞目,,2012-11-26
305588,delta,希臘字母δ；三角,,2012-11-26
305589,Delphinus delphis ,真海豚,,2012-11-26
305590,DELPHINIDAE,海豚科,,2012-11-26
305591,Delphinapterus leucas ,白鯨,,2012-11-26
305592,δ waves,δ波,,2012-11-26
305593,δ globin,δ球蛋白,,2012-11-26
305594,deliuirm cordis,心搏混亂,,2012-11-26
305595,delitescence,隱匿；潛伏,,2012-11-26
305596,delirium,譫妄；妄想,,2012-11-26
305597,Delichon urbica ,毛腳燕,,2012-11-26
305598,delicate design snake,細紋南蛇,,2012-11-26
305599,Delia platura  (Meigen),灰地種蠅,,2012-11-26
305600,deletion; deficiency,部份遺失（染色體）,,2012-11-26
305601,delayed puberty,青春期延遲,,2012-11-26
305602,delayed inheritance,滯延遺傳,,2012-11-26
305603,delamination,分層,,2012-11-26
305604,dejectamenta,排泄物,,2012-11-26
305605,deiodination,去碘,,2012-11-26
305606,deiodinase,去碘酶,,2012-11-26
305607,DEINOTHERIOIDEA; DINOTHERIOIDEA,恐獸亞目,,2012-11-26
305608,Deinonychus ,獸腳恐龍（屬）,,2012-11-26
305609,Deinonychosaurs,獸腳恐龍,,2012-11-26
305610,Deinagkistrodon acutus ; Chinese Moccasin; Hundred-pace Snake,百步蛇,,2012-11-26
305611,dehydrogenation,去氫（作用）；脫氫（作用）,,2012-11-26
305612,dehydrogenase,去氫酶；脫氫酶,,2012-11-26
305613,dehydroepiandrosterone sulfate (DHEAS),硫酸去氫表雄脂酮,,2012-11-26
305614,dehydroepiandrosterone (DHEA),去氫表雄脂酮,,2012-11-26
305615,dehydration synthesis,脫水合成,,2012-11-26
305616,dehydration,脫水,,2012-11-26
305617,dehydrated medium,脫水培養基,,2012-11-26
305618,dehiscent,開裂現象,,2012-11-26
305619,degradation,分解（作用）,,2012-11-26
305620,deglutition,吞嚥（作用）,,2012-11-26
305621,degenerative process,退化過程,,2012-11-26
305622,degenerative metamorphosis,退化變態,,2012-11-26
305623,degenerative atrophy,變性萎縮,,2012-11-26
305624,degeneration; reduction; regression,退化；變性,,2012-11-26
305625,degenerate type,退化型,,2012-11-26
305626,deformation,畸形,,2012-11-26
305627,defoliator,食葉害蟲,,2012-11-26
305628,definitive tongue,定舌,,2012-11-26
305629,definitive host,終結寄主,,2012-11-26
305630,definitive hair,定期毛髮,,2012-11-26
305631,definitive agglutination reaction,確定凝集反應,,2012-11-26
305632,definite variation,定向變異,,2012-11-26
305633,deficiency disease,營養缺乏症,,2012-11-26
305634,defibrinated blood,脫纖維素血液,,2012-11-26
305635,deferent duct; vas deferens,輸精管,,2012-11-26
305636,deferens; deferent,輸出,,2012-11-26
305637,defensive factors,防禦因子,,2012-11-26
305638,defense reflex,防禦反射,,2012-11-26
305639,defense mechanisms; internal,內部防禦機制,,2012-11-26
305640,defeminization,女性性徵消失,,2012-11-26
305641,defaecation; defecation,排糞,,2012-11-26
305642,deer mouse,鹿鼠；鹿白足鼠,,2012-11-26
305643,deep vein,深靜脈,,2012-11-26
305644,deep sensibility,深部感覺,,2012-11-26
305645,deep muscle,深肌,,2012-11-26
305646,deep fascia,深肌膜,,2012-11-26
305647,deep breath,深呼吸,,2012-11-26
305648,deep branch,深（神經）枝,,2012-11-26
305649,deep artery,深動脈,,2012-11-26
305650,dedifferentiation,排除分化,,2012-11-26
305651,decussation; optic,視交叉,,2012-11-26
305652,decussation of pyramid,錐體交叉,,2012-11-26
305653,decussation of fillet,裾交叉,,2012-11-26
305654,decussation,交叉,,2012-11-26
305655,decrescence,衰退,,2012-11-26
305656,decrement conduction,減衰傳導,,2012-11-26
305657,decongestants,解除充血劑,,2012-11-26
305658,decompression sickness,減壓病；潛水夫病,,2012-11-26
305659,decomposition,分解（作用）,,2012-11-26
305660,decomposer,分解者,,2012-11-26
305661,decolorant,脫色的；脫色劑,,2012-11-26
305662,deciduous teeth; milk teeth,乳齒,,2012-11-26
305663,deciduoma,蛻膜瘤,,2012-11-26
305664,deciduous forest,落葉林,,2012-11-26
305665,deciduate placenta,蛻膜胎盤,,2012-11-26
305666,deciduate ,蛻膜動物,,2012-11-26
305667,decidua tuberosa,節狀蛻膜,,2012-11-26
305668,decidua reflexa; d. capsularis,返折蛻膜；包蛻膜,,2012-11-26
305669,decidua polyposa,疣狀蛻膜,,2012-11-26
305670,decidua placentalis subchorialis; decidua subchorialis,絨膜下蛻膜；脈絡膜下蛻膜,,2012-11-26
305671,decidua peudocapsularis,假包蛻膜,,2012-11-26
305672,decidua parietalis; decidua vera,璧蛻膜；真蛻膜,,2012-11-26
305673,decidua marginalis,緣蛻膜,,2012-11-26
305674,decidua interuteroplacentalis; decidua serotina,後生蛻膜,,2012-11-26
305675,decidua graviditalis,妊娠蛻膜,,2012-11-26
305676,decidua circumflexa,輪狀蛻膜,,2012-11-26
305677,decidua capsularis; decidua membrane,包蛻膜,,2012-11-26
305678,decidua basalis,底蛻膜,,2012-11-26
305679,decidua,蛻膜,,2012-11-26
305680,decerebration,大腦切除法,,2012-11-26
305681,decerebrate animal,去大腦動物,,2012-11-26
305682,decarboxylation,脫羧作用,,2012-11-26
305683,Decapterus tabl ,泰勃圓鰺,,2012-11-26
305684,Decapterus russellii ,紅瓜鰺；紅鰭圓鰺,,2012-11-26
305685,Decapterus maruadsi ,銅鏡鰺；藍圓鰺,,2012-11-26
305686,Decapterus macrosoma ,長身圓鰺,,2012-11-26
305687,Decapterus macarellus ,細鱗圓鰺；拉洋圓鰺,,2012-11-26
305688,Decapterus lajang ,拉彊鰺；頷圓鰺,,2012-11-26
305689,Decapterus kurroides ,安朋鰺；無斑圓鰺,,2012-11-26
305690,Decapterus akaadsi ,紅尾圓鰺,,2012-11-26
305691,decapodiform,十腳形蚴,,2012-11-26
305692,DECAPODA,十腳目,,2012-11-26
305693,decaboylation; decaboxylization,脫羧基（作用）,,2012-11-26
305694,debilitas; debility,虛弱,,2012-11-26
305695,death watch,粉茶柱蟲；（俗名嚙蟲）,,2012-11-26
305696,death struggle,死亡掙扎,,2012-11-26
305697,death rigor,死殭直,,2012-11-26
305698,death rate,死亡率,,2012-11-26
305700,death mimicry,假死,,2012-11-26
305701,deanesthesiant,蘇醒劑,,2012-11-26
305702,deamination; deaminization,脫胺（作用）,,2012-11-26
305703,dealation,脫翅,,2012-11-26
305704,deaf-mutism,聾啞病,,2012-11-26
305705,dead space,無效腔,,2012-11-26
305706,deacylation,脫醯作用,,2012-11-26
305707,deacidification,脫酸作用,,2012-11-26
305708,DDT,一種有機氯殺蟲劑,,2012-11-26
305709,day-night rhythm,晝夜節奏,,2012-11-26
305710,day-eye,晝眼,,2012-11-26
305711,day blindness,晝盲,,2012-11-26
305712,dawn phenomena,晨曉現象,,2012-11-26
305713,daughter spore,子孢子,,2012-11-26
305714,daughter nucleus,子細胞核,,2012-11-26
305715,daughter cyst,子蟲囊,,2012-11-26
305716,daughter chromosome,子染色體,,2012-11-26
305717,daughter chromatid,子染色分體,,2012-11-26
305718,daughter cell,子細胞,,2012-11-26
305719,dauermodification,持久變形,,2012-11-26
305720,DAUBENTONIIDAE,指猴科,,2012-11-26
305721,Daubentonia madagascariensis ,指猴,,2012-11-26
305722,Daubentonia ,指猴（屬）,,2012-11-26
305723,dating of fossil,化石計時法,,2012-11-26
305724,Dasyurus ,細腳袋鼩（屬）,,2012-11-26
305725,DASYUROMORPHIA,袋鼬目,,2012-11-26
305726,DASYURIDAE,袋貂科,,2012-11-26
305727,Dasypus ,犰狳（屬）,,2012-11-26
305728,DASYPROCTIDAE,蹄鼠科,,2012-11-26
305729,Dasyprocta punctata ,蹄鼠,,2012-11-26
305730,Dasyprocta ,蹄鼠（屬）,,2012-11-26
305731,DASYPODIDAE,犰狳科,,2012-11-26
305732,Dasyatis bennettii ,黃土魟,,2012-11-26
305733,DASYATIDAE,魟科,,2012-11-26
305734,DASSIES,岩貍目,,2012-11-26
305735,Dasia smaragdinum ,翠蜥,,2012-11-26
305736,DASCILLIDAE,長花蚤科,,2012-11-26
305737,daryosphere,核球,,2012-11-26
305738,daryosome; caryosome,核微粒,,2012-11-26
305739,daryorrhexis,核破裂,,2020-03-06
305740,daryolysis,核溶解,,2012-11-26
305741,Darwinism,達爾文學說,,2012-11-26
305742,Darwinian tubercle,達爾文突起,,2012-11-26
305743,dartos tunic; dartos coat; tunicas dartos,內膜,,2012-11-26
305744,dart sac,射囊；交尾夭囊,,2012-11-26
305745,dart,交尾矢,,2012-11-26
305746,dark-field microscope,暗視野顯微鏡,,2012-11-26
305747,dark-field illumination method,暗視野映光法,,2012-11-26
305748,dark-brown long-winged bat,爪哇褶翅蝠,,2012-11-26
305749,dark reaction,暗反應,,2012-11-26
305750,dark adaptation,暗適應,,2012-11-26
305751,Daphnia ,水蚤（屬）,,2012-11-26
305752,Daphnellinae (=Pleurotominae),月桂螺亞科（槍管螺亞科）,,2012-11-26
305753,Danioinae ,【魚+丹】亞科,,2012-11-26
305754,Danio ,【魚+丹】（屬）,,2012-11-26
305755,DANAIDAE,斑蝶科,,2012-11-26
305756,damsel-flies,豆娘,,2012-11-26
305757,damselfishes,雀鯛,,2012-11-26
305758,Dama dama ,黃鹿,,2012-11-26
305759,Damaster blaptolabrus hanae ,台灣食蝸步行蟲,,2012-11-26
305760,Dama ,黃鹿（屬）,,2012-11-26
305761,dam,雌親；母畜,,2012-11-26
305762,Dalton's law of partial pressure,道爾頓分壓定理,,2012-11-26
305763,Dalton; John,道爾頓,,2012-11-26
305764,dalton,道爾頓（重量單位;等於氫原子的重量）,,2012-11-26
305765,Dacus ciliatus  Loew,甜瓜實蠅,,2012-11-26
305766,dactylus (pl. -li),指（趾）；指梢節；趾節；指節,,2012-11-26
305767,dactylozooid,指狀個蟲,,2012-11-26
305768,dactyloscopy,指紋鑑別法,,2012-11-26
305769,DACTYLOSCOPIDEA,指鰧科,,2012-11-26
305770,DACTYLOPTERIFORMES,飛角魚目；豹魴鮄目,,2012-11-26
305771,DACTYLOPTERIDAE,豹魴鮄科,,2012-11-26
305772,Dactyloptena orientalis ,飛角魚,,2012-11-26
305773,dactylopodite,趾節,,2012-11-26
305774,dactylomegaly,巨指（趾）畸形,,2012-11-26
305775,dactylography,指紋學,,2012-11-26
305776,dactylogram,指（趾）紋,,2012-11-26
305777,dactylognathite,顎足端節,,2012-11-26
305778,dactyliferous,有指（趾）的,,2012-11-26
305779,dactyl,指；趾,,2012-11-26
305780,dacryon,淚穴,,2012-11-26
305781,dacryohemorrhages,血淚,,2012-11-26
305782,dacryocyst; lacrimal sac; saccus lacrimalis,淚囊,,2012-11-26
305783,Dabb Spiny-tailed Lizard,達伯刺尾鬣蜥,,2020-03-11
305784,Dabb Mastigure,達伯刺尾鬣蜥,,2020-03-11
305785,D cell,D細胞,,2012-11-26
305786,cytozoic,細胞內寄生原蟲,,2012-11-26
305787,cytotrophoblast,滋胚內質,,2012-11-26
305788,cytotoxin,細胞毒素,,2012-11-26
305789,cytotoxic T cell,細胞毒性T（淋巴）細胞,,2012-11-26
305790,cytotaxis,胞質趨性,,2012-11-26
305791,cytostome,胞口,,2012-11-26
305792,cytosol,細胞液,,2012-11-26
305793,cytoskeleton,細胞骨架；細胞支架,,2012-11-26
305794,cytosine,胞嘧啶,,2012-11-26
305795,cytopyge; cytopygium,胞肛,,2012-11-26
305796,cytoplasmic streaming,胞質流動,,2012-11-26
305797,cytoplasmic island,胞質島,,2012-11-26
305798,cytoplasmic inheritance,胞質遺傳,,2012-11-26
305799,cytoplasmic heredity,胞質遺傳,,2012-11-26
305800,cytoplasmic conjugation,胞質接合,,2012-11-26
305801,cytoplasm,細胞質,,2012-11-26
305802,cytophotometry,細胞測光法,,2012-11-26
305803,cytopharynx,胞咽,,2012-11-26
305804,cytomorphosis,細胞變態,,2012-11-26
305805,cytolysis,細胞溶解,,2012-11-26
305806,cytolysin,細胞溶素,,2012-11-26
305807,cytolymph; cell sap,細胞液,,2012-11-26
305808,cytology,細胞學,,2012-11-26
305809,cytokinins,細胞分裂素,,2012-11-26
305810,cytokinesis,細胞質分裂；質動,,2012-11-26
305811,cytokine,細胞介質,,2012-11-26
305812,cytogenetics,細胞遺傳學,,2012-11-26
305813,cytogenesis,細胞發生,,2012-11-26
305814,cytoclasis,細胞壞死,,2012-11-26
305815,cytochrome P-450 (enzyme system),細胞色素P-450（酵素系統）,,2012-11-26
305816,cytochrome oxidase,細胞色素氧化酶,,2012-11-26
305817,cytochrome,細胞色素,,2012-11-26
305818,cyto-chemistry,細胞化學,,2012-11-26
305819,cyto-architectonics,細胞結構學,,2012-11-26
305820,cytidin,細胞核苷；胞核戊苷,,2012-11-26
305821,cystolith,膀胱石,,2012-11-26
305822,CYSTOIDEA,胞形綱,,2020-03-11
305823,cystitis,膀胱炎,,2012-11-26
305824,cystis retantionis,瀦留囊腫,,2012-11-26
305825,cystis degenerationis,變性囊腫,,2012-11-26
305826,cystis,囊腫,,2012-11-26
305827,cystinurea,胱胺酸尿症,,2012-11-26
305828,cystinosis,胱胺酸病,,2012-11-26
305829,cystine,胱胺酸,,2012-11-26
305830,CYSTIDEA,胞形綱；海林檎綱,,2020-03-11
305831,cysticercus,囊尾蚴；囊尾幼蟲,,2012-11-26
305832,cysticercosis,囊尾蚴病,,2012-11-26
305833,cysticercoid,擬囊尾蚴；擬囊尾幼蟲,,2012-11-26
305834,cystic vein,膽囊靜脈,,2012-11-26
305835,cystic reproduction,膽囊生殖,,2012-11-26
305836,cystic fibrosis,囊性纖維變性,,2012-11-26
305837,cystic duct,膽囊管,,2012-11-26
305838,cystic artery,膽囊動脈,,2012-11-26
305839,cystern of chyle,乳糜池,,2012-11-26
305840,cysteine,半胱胺酸,,2012-11-26
305841,cysteic acid,氧化半胱胺酸,,2012-11-26
305842,cystathionine,胱胺硫醚,,2012-11-26
305843,cyst,胞囊,,2012-11-26
305844,cystase,細胞溶解酶,,2012-11-26
305845,CYRTOSOMA,角體亞門,,2012-11-26
305846,Cyrtodactylus peguensis,泰國弓指虎,,2020-03-11
305847,CYRTIDAE,小頭虻科,,2012-11-26
305848,CYRINOCHEILIDAR,雙孔鯉科,,2012-11-26
305849,Cypselurus unicolor ,白鰭飛魚,,2012-11-26
305850,cypris stage,金星蟲期,,2012-11-26
305851,Cyprinus carpio carpio ,鯉,,2012-11-26
305852,CYPRINODONTIFORMES; CYPRINODONTIDA,鯉齒目；鱂形目,,2012-11-26
305853,CYPRINODONTIDAE,鯉齒科；鱂科,,2012-11-26
305854,CYPRINIFORMES,鯉形目,,2012-11-26
305855,CYPRINIDAE,鯉科,,2012-11-26
305856,cypriform larva; cypris larva,金星形蚴,,2012-11-26
305857,Cypriacis mirabilis  (Kurosawa),妖艷吉丁蟲,,2012-11-26
305858,CYPRAEOIDEA,寶螺超科,,2012-11-26
305859,CYPRAEIDAE,寶螺科,,2012-11-26
305860,cyphonantes,膜介蚴,,2012-11-26
305861,Cynoscion macdonaldi ,加洲犬形黃花魚,,2012-11-26
305862,Cynopterus sphinx ,印度犬果蝠,,2012-11-26
305863,Cynopterus ,犬果蝠（屬）,,2012-11-26
305864,Cynopithedus niger ,黑冠猴,,2012-11-26
305865,Cynopithedus ,黑冠猴（屬）,,2012-11-26
305866,Cynomys mexicanus ,墨西哥草原鼠,,2012-11-26
305867,Cynomys ludovicianus ,黑尾草原犬鼠,,2012-11-26
305868,Cynomys ,草原犬鼠（屬）,,2012-11-26
305869,Cynoglossus suyeni ,書顏鞋底魚；書顏舌鰨,,2012-11-26
305870,CYNOGLOSSIDAE,舌鰨科,,2012-11-26
305871,Cynognathus,大頜龍（屬）,,2012-11-26
305872,Cynogale bennettii ,獺狸貓,,2012-11-26
305873,Cynodontia ,犬齒龍（屬）,,2012-11-26
305874,Cynocephalus volans ,菲律賓鼯[羽侯],,2012-11-26
305875,Cynocephalus ,鼯[羽侯]（屬）,,2012-11-26
305876,CYNOCEPHALIDAE,鼯[羽侯]科,,2012-11-26
305877,Cyno,犬；狗,,2012-11-26
305878,CYNIPOIDAE,沒食子蜂首科,,2012-11-26
305879,cymograph,記波器,,2012-11-26
305880,cymbiform bone; navicular; scaphoid bone,舟骨,,2012-11-26
305881,cymba conchae,耳甲艇,,2012-11-26
305882,CYMATIOIDEA,象法螺超科,,2012-11-26
305883,CYMATIIDAE,象法螺科（法螺科）,,2012-11-26
305884,CYMAOPHORIDAE,尖翅蛾科,,2012-11-26
305885,Cylindrophis ruffus,紅尾筒蛇,,2020-03-19
305886,cylindrical cell,圓柱細胞,,2012-11-26
305887,Cylas formicarius  Fabricius,甘藷蟻象,,2012-11-26
305888,Cygnus columbianus ,鵠；嘯天鵝；小天鵝,,2012-11-26
305889,CYEATIDAE,胚鰻科,,2012-11-26
305890,cydippoid larva,風船型蚴,,2012-11-26
305891,Cydniidae,土椿象亞科,,2012-11-26
305892,CYDIPPIDA,風船水母目,,2012-11-26
305893,Cydia pomonella  (Linnaeus),蘋果蠧蛾,,2012-11-26
305894,Cyclura cornuta,犀牛鬣蜥,,2020-03-11
305895,Cyclura ,圓尾海鬣蜥（屬）,,2012-11-26
305896,cyclotron,迴旋加速器,,2012-11-26
305897,CYCLOSTREMATIDAE,圓孔螺科,,2012-11-26
305898,cyclostomes,圓口類動物,,2012-11-26
305899,CYCLOSTOMATA,圓口綱,,2012-11-26
305900,cyclosquamata,圓鱗亞派,,2012-11-26
305901,cyclospondylous vertebra,單環椎骨,,2012-11-26
305902,cyclosis,胞質環流,,2012-11-26
305903,cycloscope,視野鏡,,2012-11-26
305904,CYCLORRHAPHA,環縫亞目,,2012-11-26
305905,CYCLOPTERIDAE,圓鰭魚科,,2012-11-26
305906,cyclopoid larva,劍水蚤型蚴；巨頭型幼蟲,,2012-11-26
305907,cyclopia,獨眼畸形,,2012-11-26
305908,Cyclophiops major,青蛇,,2020-03-18
305909,CYCLOPHOROIDEA,山蝸牛超科,,2012-11-26
305910,CYCLOPHORIDA,山蝸牛科,,2012-11-26
305911,cyclopeptides,環胜肽,,2012-11-26
305912,Cyclop ,劍水蚤（屬）,,2012-11-26
305913,CYCLOMYARIA,環肌目,,2012-11-26
305914,cyclomorphosis,週期變形,,2012-11-26
305915,CYCLOIDEA,杯萼綱,,2012-11-26
305916,cycloid scales,圓鱗,,2012-11-26
305917,cyclohexane,環己烷；環己烯,,2012-11-26
305918,CYCLOGLENIDS,環窩類,,2012-11-26
305919,cyclogeny,發育週期,,2012-11-26
305920,cyclogenic theory,細菌週期性繁殖說,,2012-11-26
305921,CYCLIDIIDA,大鉤蛾科,,2012-11-26
305922,cyclical parthenogenesis,週期性單性生殖,,2012-11-26
305923,cyclic photophosphorylation,光磷酸循環作用,,2012-11-26
305924,cyclic phenomena,週期性現象,,2012-11-26
305925,cyclic nucleotide,環核苷酸,,2012-11-26
305926,cyclic guanosine monophosphate (cGMP),環單磷酸鳥苷,,2012-11-26
305927,cyclic GMP,環單磷鳥,,2012-11-26
305928,cyclic AMP,環腺苷酸,,2012-11-26
305929,cyclic adenosine monophosphate (cAMP),環單磷酸腺苷,,2012-11-26
305930,Cyclemys flavomarginata ,食蛇龜,,2012-11-26
305932,cycle; reproductive,生殖週期,,2012-11-26
305936,cycle,週期；環,,2012-11-26
305937,cyclarthrosis,車軸關節,,2012-11-26
305938,CYBIIDAE,鮁科,,2012-11-26
305939,cyathozooid,杯狀個蟲,,2012-11-26
305940,cyanosis,青紫症；發紺,,2012-11-26
305941,cyanopsin,視青,,2012-11-26
305942,cyanogen bromide,溴化氰,,2012-11-26
305943,cyanocobalamin; vitamin B12,氰鈷維生素；維生素B12,,2012-11-26
305944,cyanobacteria,藍細菌,,2012-11-26
305945,cyanmethemoglobin,氰變性血紅素,,2012-11-26
305946,cyanide poisoning,氰化物中毒,,2012-11-26
305947,cyanide,氰化物,,2012-11-26
305948,CYAMOIDEA,豆萼綱,,2012-11-26
305949,Cuviers' beaked whale,喙鯨,,2012-11-26
305950,Cuvierian organ,朱維爾氏器,,2012-11-26
305951,cuttle fish,烏賊,,2012-11-26
305952,cuttle bone,海螵蛸,,2012-11-26
305953,cutlassfishes,短劍魚類,,2012-11-26
305954,cutitis; dermatitis,皮炎,,2012-11-26
305955,cutis plate; dermatome,皮節；皮原節,,2012-11-26
305956,cutis,皮,,2012-11-26
305957,cutinisation,角皮形成,,2012-11-26
305958,cutin,角皮質；明角質,,2012-11-26
305959,cuticulin,表皮質；角皮質,,2012-11-26
305960,cuticularisation,外表皮形成,,2012-11-26
305961,cuticular ridge,褶緣,,2012-11-26
305962,cuticular process,表皮突起,,2012-11-26
305963,cuticular nodule,表皮瘤,,2012-11-26
305964,cuticular colour,表皮色,,2012-11-26
305965,cuticular appendage,表皮附屬器,,2012-11-26
305966,cuticula dentis,齒外皮；齒皮,,2012-11-26
305967,cuticle; cuticula; cutis,角皮；表皮,,2012-11-26
305968,cutaneous vein,皮靜脈,,2012-11-26
305969,cutaneous sensilization antibody,皮膚過敏抗體,,2012-11-26
305970,cutaneous sense organ,皮感器,,2012-11-26
305971,cutaneous sensation,皮膚感覺,,2012-11-26
305972,cutaneous ridge,皮脊,,2012-11-26
305973,cutaneous respiration,皮膚呼吸,,2012-11-26
305974,cutaneous nerve of neck,頸皮神經,,2012-11-26
305975,cutaneous muscle,皮肌,,2012-11-26
305976,cutaneous glands; glandula cutis,皮腺,,2012-11-26
305977,cutaneous fertilization,皮下受精,,2012-11-26
305978,cutaneous branch,外肱皮神經,,2012-11-26
305979,cutaneous appendage,皮附器,,2012-11-26
305980,cutandous artery,皮動脈,,2012-11-26
305981,cuspis dentis,齒峰；齒尖,,2012-11-26
305982,CUSPIDARIIDAE,杓蛤科,,2012-11-26
305983,cusp (pl. cuspis),尖；突,,2012-11-26
305984,cusk-eels,蛇[魚尉]類,,2012-11-26
305985,cushion seprum; endocardial cushion,墊隔,,2012-11-26
305986,Cushings syndrome,庫興氏症侯群；垂體嗜鹼細胞增殖,,2012-11-26
305987,Cushingoid feature,庫與氏症表徵；垂體嗜鹼細胞增殖,,2012-11-26
305988,Curlew Sandpiper,滸鷸,,2012-11-26
305989,CURIMATIDAE,無齒脂鯉科；草鮭鯉科,,2012-11-26
305990,CURETIDAE,銀斑小灰蝶科,,2012-11-26
305991,CURCULIONIDAE,象鼻蟲科,,2012-11-26
305992,curare; curara; curari,箭毒,,2012-11-26
305993,cupules,吸附盤,,2012-11-26
305994,cupule,杯形器；杯形托,,2012-11-26
305995,cupulae pleurae,胸膜頂,,2012-11-26
305996,cupulae cochleae,耳蝸頂,,2012-11-26
305997,cupula (pl. cupulae),軟骨峰；感官頂,,2012-11-26
305998,cupola organ; sensillum campaniformium,鐘形感器,,2012-11-26
305999,CUPEDIDAE,長扁蟲科,,2012-11-26
306000,Cuon alpinus ,亞洲豺犬,,2012-11-26
306001,Cuon ,亞洲豺犬（屬）,,2012-11-26
306002,cuneus,楔狀葉；楔區；楔片,,2012-11-26
306003,cuneiform process,楔狀突,,2012-11-26
306004,cuneiform cartilage,楔狀軟骨,,2012-11-26
306005,cuneiform bone,楔狀骨,,2012-11-26
306006,cuneiform,楔狀,,2012-11-26
306007,cumulus oophorus; cumulus folicle; germ hill,卵丘,,2012-11-26
306008,cumulus folicle,載卵丘,,2012-11-26
306009,cumulus cell,丘細胞,,2012-11-26
306010,cumulative factor,累積因子；累加因子,,2012-11-26
306011,CUMACEA,空摩目,,2012-11-26
306012,culture medium,培養基,,2012-11-26
306013,culture dish,培養皿,,2012-11-26
306014,culture,人工栽培；培養,,2012-11-26
306015,cultural traditions,文化傳統,,2012-11-26
306016,cultural evolution,文化的演化,,2012-11-26
306017,cultural eutrophication,培養優養化,,2012-11-26
306018,Cultrinae,鮊亞科,,2012-11-26
306019,cultivation,養殖,,2012-11-26
306020,Culter ilishaeformis ,翹嘴鮊,,2012-11-26
306021,Culter erythropterus ,紅鮊魚；紅鰭鮊,,2012-11-26
306022,CULTELLIDAE,雪蛤科,,2012-11-26
306023,culmicolous,莖棲性,,2012-11-26
306024,culmen,嘴蜂；小腦小山,,2020-03-13
306025,CULICIDAE,蚊科,,2012-11-26
306026,Culex ,普通蚊；庫雷蚊（屬）,,2012-11-26
306027,cucumiform,瓜形,,2012-11-26
306028,Cuculus saturatus ,筒鳥,,2012-11-26
306029,cucullus,抱器鉤,,2012-11-26
306030,Cuculs sparverioides ,鷹鵑,,2012-11-26
306031,Cuculliinae,冬夜蛾亞科,,2012-11-26
306032,CUCULLAEIDAE,圓魁蛤科,,2012-11-26
306033,CUCULIFORMES,鵑形目,,2012-11-26
306034,CUCULIDAE,杜鵑科,,2012-11-26
306035,CUCUJODAE,扁蟲科,,2012-11-26
306036,CUCUJIDAE,樹皮扁蟲科,,2012-11-26
306037,Cuckoo,杜鵑；布榖鳥,,2012-11-26
306038,CUBOMEDUSA,立方水母目,,2012-11-26
306039,cuboidal epithelium,立方上皮,,2012-11-26
306040,cuboidal cells,立方形細胞,,2012-11-26
306041,cuboid,骰骨,,2012-11-26
306042,cubitus; cubital vein,尺骨；肘脈,,2012-11-26
306043,cubitals,尺羽；次級飛羽,,2020-03-06
306044,cubital vein,肘脈,,2012-11-26
306045,cubital pectin,肘櫛,,2012-11-26
306046,cubital lymph gland,肱淋巴腺；肱淋巴結,,2012-11-26
306047,cubital cell,肘脈室,,2012-11-26
306048,cubital area,肘脈域,,2012-11-26
306049,ctrin; hesperdin; vitamin P,檸檬素,,2012-11-26
306050,Ctenotrypauchen microcephalus ,櫛赤鯊,,2012-11-26
306051,Ctenotrypauchen chinensis ,中華櫛鰕虎魚,,2012-11-26
306052,ctenophore,櫛水母動物,,2012-11-26
306053,CTENOPHORA,櫛板動物,,2012-11-26
306054,Ctenopharyngodon idellus ,草魚,,2012-11-26
306055,Ctenomys talarum ,櫛鼠,,2012-11-26
306056,Ctenomys ,櫛鼠（屬）,,2012-11-26
306057,CTENOMYIDAE,櫛鼠科,,2012-11-26
306058,CTENOLUCIIDAE,狗鮭鯉科,,2012-11-26
306059,ctenoid scales,櫛鱗,,2012-11-26
306060,Ctenodactylus vali ,櫛趾鼠,,2012-11-26
306061,Ctenodactylus ,櫛趾鼠（屬）,,2012-11-26
306062,CTENODACTYLIDAE,櫛趾鼠科,,2012-11-26
306063,Ctenochaetus striatus ,漣紋粗皮鯛；漣紋櫛齒棘尾鯛,,2012-11-26
306064,Ctenochaetus binotatus ,雙斑粗皮鯛；雙斑櫛齒棘尾鯛,,2012-11-26
306065,CTENACANTHIDAE,櫛棘鯊科,,2012-11-26
306066,crystalloid,類晶體；晶狀,,2012-11-26
306067,crystalline zinc insulin (CZI),晶鋅胰島素,,2012-11-26
306068,crystalline style,結晶棒,,2012-11-26
306069,crystalline lens,晶狀體,,2012-11-26
306070,crystalline cone,晶錐體,,2012-11-26
306071,crystalline,晶狀的,,2012-11-26
306072,crystal violet,結晶紫（染料）,,2012-11-26
306073,crystal cell,晶細胞,,2012-11-26
306074,crystal body,晶體,,2012-11-26
306075,crypts of Leiberkuehn; glands of Leiberkuehn,李培昆氏腺；腸腺,,2012-11-26
306076,crypts,隱窩,,2012-11-26
306077,cryptoxanthin,隱黃素,,2012-11-26
306078,CRYPTOSTOMATA,隱門目,,2012-11-26
306079,Cryptorrhynchus gravis  Fabricius,檬果象鼻蟲,,2012-11-26
306080,cryptorchidism; cryptorchism,隱睪症,,2012-11-26
306081,Cryptoprocta ferox ,長島長尾狸貓,,2012-11-26
306082,CRYPTOMONADINA,隱鞭目,,2012-11-26
306083,Cryptolestes turcicus  (Grouville),小角胸扁蟲,,2012-11-26
306084,Cryptolestes pusillus  Schoenherr,角胸扁蟲,,2012-11-26
306085,Cryptolestes ferrugineus  (Stephens),角胸粉扁蟲,,2012-11-26
306086,CRYPTODONTA,隱齒亞網,,2012-11-26
306087,CRYPTODIRA,隱頸亞目,,2012-11-26
306088,Cryptocleidus ,蛇頸龍之一屬,,2012-11-26
306089,CRYPTOCERATA,隱角亞目,,2012-11-26
306090,CRYPTOBRANCHIDAE,隱鰓科,,2012-11-26
306091,cryptic variation,隱藏變異,,2012-11-26
306092,cryptic structural hybrid,隱藏結構雜種,,2012-11-26
306093,cryptic species,隱藏種,,2012-11-26
306094,cryptic polymorphism,隱藏多態現象,,2012-11-26
306095,cryptic coloration,隱蔽色,,2012-11-26
306096,CRYPTACANTHODIDAE,隱棘[魚尉]科,,2012-11-26
306097,cryostate,冷凍切片機；低溫保持器,,2012-11-26
306098,cryoscope,冰點計,,2020-03-11
306099,cryoplankton,冰雪浮游生物,,2020-03-09
306100,cryophilous,喜寒性,,2020-03-09
306101,crustose,殼狀的,,2012-11-26
306102,crustaceans,甲殼類,,2012-11-26
306103,CRUSTACEA,甲殼網,,2012-11-26
306104,crush frature,粉碎性骨折,,2012-11-26
306105,Crus japonensis ,丹頂鶴,,2012-11-26
306106,crus fornicis,穹窿腳,,2012-11-26
306107,crus commune,總腳,,2012-11-26
306108,crural vein,股靜脈,,2012-11-26
306109,crural ring,股環,,2012-11-26
306110,crural process,腕鉤突,,2012-11-26
306111,crural nerve,股神經,,2012-11-26
306112,crural canal,股管,,2012-11-26
306113,crural base,腕鉤基,,2012-11-26
306114,crura (pl. crus),腳；脛；小腿,,2012-11-26
306115,crude density,概略密度,,2012-11-26
306116,crude death rate,概略死亡總率,,2012-11-26
306117,crude birth rate,概略出生總率,,2012-11-26
306118,cruciform,十字形,,2012-11-26
306119,cruciate ligaments,十字韌帶,,2012-11-26
306120,cruciate fissure,十字溝,,2012-11-26
306121,cruciate bristle,下顏鬃,,2012-11-26
306122,cruciate,十（或X）字型的,,2012-11-26
306123,crown to pubis/pubis to floor ratio,頭頂至恥骨／恥骨對地面比,,2012-11-26
306124,crown gall disease,冠癭病,,2012-11-26
306125,crotonismus,巴豆中毒,,2012-11-26
306126,crotonic acid,巴豆酸,,2012-11-26
306127,crotin,巴豆毒素,,2012-11-26
306128,crotchet; crochet,趾鉤,,2012-11-26
306129,crotaphite; temporal fossa,顳窩,,2012-11-26
306130,Crotalus atrox,西部菱斑響尾蛇,,2020-03-09
306131,Crotalu ,響尾蛇（屬）,,2012-11-26
306132,CROTALINAE,響尾蛇亞科,,2012-11-26
306133,crossover,互換型,,2012-11-26
306134,Crossostoma lacustre ,台灣纓口鰍,,2012-11-26
306135,CROSSOPTERYGIOMORPHA,總鰭形首目,,2012-11-26
306136,CROSSOPTERYGII,總鰭（下綱或目）,,2012-11-26
306137,Crossopterygians,總鰭魚類,,2012-11-26
306138,CROSSOPERTERYGII,總鰭亞網,,2012-11-26
306139,crossing over,互換,,2012-11-26
306140,crossed reflex,交叉反射,,2012-11-26
306141,crossed pyranidal tract,交叉錐體束,,2012-11-26
306142,cross-bridges; of muscle,肌肉交叉橋,,2012-11-26
306143,cross sterile,雜交不孕,,2012-11-26
306144,cross section,橫切片,,2012-11-26
306145,cross furrow,十字溝；極溝,,2012-11-26
306146,cross fertilization,雜交受精,,2012-11-26
306147,cross breeding,雜交；雜交育種,,2012-11-26
306148,cross agglutination test,交互凝集試驗,,2012-11-26
306149,cross,雜交；交互；交叉；橫切,,2012-11-26
306150,crop milk,鴿乳,,2012-11-26
306151,crop gland,嗉囊腺,,2012-11-26
306152,crop,嗉囊,,2012-11-26
306153,Cromileptes altivelis ,駝背鱸,,2012-11-26
306154,cromeria,克羅麥魚類,,2012-11-26
306155,Cro-Magnon man,克洛曼農人,,2012-11-26
306156,Crocuta crocuta ,斑點鬣狗,,2012-11-26
306157,Crocuta ,斑點鬣狗（屬）,,2012-11-26
306158,Crocodylus siamensis ,暹羅鱷,,2012-11-26
306159,Crocodylus rhombifer ,古巴鱷,,2012-11-26
306160,Crocodylus porosus,灣鱷,,2020-03-06
306161,Crocodylus palustris ,沼澤鱷,,2012-11-26
306162,Crocodylus niloticus,尼羅鱷,,2020-03-11
306163,Crocodylus moreletii ,瓜地馬拉鱷,,2012-11-26
306164,Crocodylus mindorensis ,菲律賓鱷,,2012-11-26
306165,Crocodylus intermedius ,奧利諾科鱷,,2012-11-26
306166,Crocodylus cataphractus ,非洲細吻鱷,,2012-11-26
306167,Crocodylus acutus ,美洲鱷,,2012-11-26
306168,CROCODYLIDAE,鱷科,,2012-11-26
306169,CROCODILIANS; CROCODYLIA,鱷目,,2012-11-26
306170,crocodiles,鱷類,,2012-11-26
306171,Crocidura suaveolens ,北方小香鼩鼱,,2012-11-26
306172,Crocidura hosrfieldi ,長尾香鼩鼱,,2012-11-26
306173,Crocidura attenuata ,灰鼩鼱,,2012-11-26
306174,Crocidura ,香鼩鼱（屬）,,2012-11-26
306175,Crocidolomia binotalis  Zeller,大菜螟；菜螟,,2012-11-26
306176,croakers,石首魚類,,2012-11-26
306177,crochet,趾鉤,,2012-11-26
306178,critical temperature,臨界溫度,,2012-11-26
306179,critical point,臨界點,,2012-11-26
306180,critical frequency,臨界頻率,,2012-11-26
306181,Cristatogobius moloanus ,龐氏銜鯊,,2012-11-26
306182,cristae,脊突,,2012-11-26
306183,crispate; crispatus,具皺緣的；鬈曲的,,2012-11-26
306184,Crioceris orientalis  Jacoby,蘆筍東方金花蟲,,2012-11-26
306185,CRINOIDEA,海百合綱,,2012-11-26
306186,criminosis,犯罪精神病,,2012-11-26
306187,criminology,犯罪學,,2012-11-26
306188,crico-tracheal membrane,環狀氣管膜,,2012-11-26
306189,crico-thyroideus muscle,環盾肌,,2012-11-26
306190,crico-thyroid joints,環盾關節,,2012-11-26
306191,crico-pharyngeal muscle,環咽肌,,2012-11-26
306192,cricoid cartilage,環狀軟骨,,2012-11-26
306193,crico-arytenoid joints,環瓢關節,,2012-11-26
306194,Cricetomys gambianus ,非洲巨頰囊鼠,,2012-11-26
306195,Cricetomys ,巨頰囊鼠（屬）,,2012-11-26
306196,cribriform plate,篩狀板,,2012-11-26
306197,cribriform area,篩區,,2012-11-26
306198,cribellum; cribrellum,篩板,,2012-11-26
306199,cri du chat syndrome,貓叫症候群,,2012-11-26
306200,cretinism; cretinismus,癡呆症；呆小症,,2012-11-26
306201,Cretaceous period,白堊紀,,2012-11-26
306202,crestiform,脊形,,2012-11-26
306203,Crested Serpent-eagle,大冠鷲,,2012-11-26
306204,Crested Goshawk,鳳頭蒼鷹,,2012-11-26
306205,Crested Myna,八哥,,2012-11-26
306206,crest; crista,羽冠；嵴；脊；板狀突起；內膜褶,,2012-11-26
306207,crescentic fold,新月褶,,2012-11-26
306208,crescentic area,新月區,,2012-11-26
306209,crescent,新月形,,2012-11-26
306210,crepuscular organisms,黃昏行性生物,,2012-11-26
306211,crepitations,輾軋音；裂聲,,2012-11-26
306212,Crepidula ,屐貝（屬）；後甲板螺,,2012-11-26
306213,creosol; creasol,甲酚,,2012-11-26
306214,creodonts,肉齒目動物,,2012-11-26
306215,CREODONTA,肉齒目,,2012-11-26
306216,Crenimugil crenilabi ,瘰唇鯔,,2012-11-26
306217,crenation,皺縮；紅血球,,2012-11-26
306218,crena,切跡；裂縫,,2012-11-26
306219,cremasteric artery; external spermatic artery,外精索動脈,,2012-11-26
306220,cremaster,睪舉肌；腹棘；尾鉤；臀棘,,2012-11-26
306221,Creeper Fowl,匍行雞,,2012-11-26
306222,CREEDIIDAE,無棘【魚+尉】科；沙鱚科；克里鰧科,,2012-11-26
306223,creative evolution,神造論,,2012-11-26
306224,creationism,神造論,,2012-11-26
306225,creatinine kinase (CK),肌酸激酶,,2012-11-26
306226,creatinine,肌酐；肌胺基酐,,2012-11-26
306227,creatininase,肌酐酶,,2012-11-26
306228,creatine phosphate; phosphocreatine,磷酸肌酸,,2012-11-26
306229,creatine,肌酸；肌胺基酸,,2012-11-26
306230,creatinase,肌酸酶,,2012-11-26
306231,creatinaemia,肌酸血症,,2012-11-26
306232,creasol; creosal,甲酚,,2012-11-26
306233,crayfish,螯蝦,,2012-11-26
306234,Crateromys schadenbergi ,叢尾雲鼠,,2012-11-26
306235,Crateromys ,叢尾雲鼠（屬）,,2012-11-26
306236,crateriform,缽形,,2012-11-26
306237,crassulacean acid metabolism (CAM),景天酸代謝,,2012-11-26
306238,CRASSATELLOIDEA,厚蛤超科,,2012-11-26
306239,Crassatellinae,厚蛤亞科,,2012-11-26
306240,CRASSATELLIDAE,厚蛤科,,2012-11-26
306241,Craspedote medusa ,緣膜水母,,2012-11-26
306242,Craspedacusta sowerbii ,桃花水母,,2012-11-26
306243,CRASEONYCTERIDAE,豬鼻蝠科,,2012-11-26
306244,crappies,雙刺蓋鱸屬的俗名,,2012-11-26
306245,CRANOGLANIDIDAE,長臀鮠科,,2012-11-26
306246,cranium viscerale,臟顱；面骨；頭面骨,,2012-11-26
306247,cranium platybasicum,平底顱,,2012-11-26
306248,cranium cerebrale,腦顱,,2012-11-26
306249,cranium (pl. -nii),顱骨,,2012-11-26
306250,craniosacral system,腦薦系,,2012-11-26
306251,cranioquatrate process,顱方突,,2012-11-26
306252,craniopharyngioma,顱咽管瘤,,2012-11-26
306253,craniometry,顱骨測量法,,2012-11-26
306254,craniology,顱骨學,,2012-11-26
306255,cranineural,前上節（骨原節）,,2012-11-26
306256,cranihaemal,前下節（骨原節）,,2012-11-26
306257,cranifacial axis,顱面軸,,2012-11-26
306258,CRANIATA,有頭動物,,2012-11-26
306259,cranial wall,顱壁,,2012-11-26
306260,cranial vault,顱頂,,2012-11-26
306261,cranial roof,顱蓋,,2012-11-26
306262,cranial neural arch,前髓弧,,2012-11-26
306263,cranial nerve; cerebral nerve,腦神經,,2012-11-26
306264,cranial mesonephros,前中腎,,2012-11-26
306265,cranial half-sclerotome,前半生骨節；前半節,,2012-11-26
306266,cranial flexure; cephalic flexure,頭曲,,2012-11-26
306267,cranial dura,腦硬膜,,2012-11-26
306268,cranial costal demifacet,接肋前半關節面,,2012-11-26
306269,cranial cavity; cavum craniale,顱腔,,2012-11-26
306270,cranial capacity,顱腔容量,,2012-11-26
306271,cranial bosses,顱隆,,2012-11-26
306272,cranial basis,顱底,,2012-11-26
306273,cranial articular process; prezygapophysis,前關節突,,2012-11-26
306274,cranial articular facet,前關節面,,2012-11-26
306275,Crane,鶴,,2012-11-26
306276,crampus,痙攣,,2020-03-06
306277,Leathery Crag Lizard,峭壁環尾蜥,,2020-03-11
306278,CRACTICIDAE,鐘鵲科,,2012-11-26
306279,CRACIDAE,鳳冠雉科,,2012-11-26
306280,crab-eating mongoose,棕簑貓；食蟹獴,,2012-11-26
306281,crab spider,蟹蛛,,2012-11-26
306282,C-peptide,C胜肽,,2012-11-26
306283,cozymase,輔酶,,2012-11-26
306284,coyote,郊狼,,2012-11-26
306285,coxotrochanter,基轉節,,2012-11-26
306286,coxosternum,基腹板,,2012-11-26
306287,coxopodite,基肢節,,2012-11-26
306288,coxopodium,基肢,,2012-11-26
306289,coxopleure; antepleuron,基節側板,,2012-11-26
306290,coxite process,基節突,,2012-11-26
306291,coxite,基片；基節片,,2012-11-26
306292,coxal stylet,基節小刺,,2012-11-26
306293,coxal lymph gland,髀淋巴腺；髖淋巴腺,,2012-11-26
306294,coxal gland,腳基腺,,2012-11-26
306295,coxacava; coxal cavity,基節窩,,2012-11-26
306296,coxa (pl. coxae),髀；基節；髖,,2012-11-26
306297,cowpox,牛痘,,2012-11-26
306298,Cowper's gland; bulbourethral gland,尿道球腺；考拔氏腺,,2012-11-26
306299,covert,覆羽,,2012-11-26
306300,covering factor,覆蓋因子,,2012-11-26
306301,covering epithelium,被覆皮膜,,2012-11-26
306302,covariation; correlation,相關作用,,2012-11-26
306303,covariance,互變量,,2012-11-26
306304,covalent bond,共價鍵,,2012-11-26
306305,courtship pattern,求偶類型,,2012-11-26
306306,courtship displays,求偶展示,,2012-11-26
306307,courtship colour,求偶色；求愛色,,2012-11-26
306308,courtship,求偶,,2012-11-26
306309,coupling,相引；偶合,,2012-11-26
306310,couple reaction,共軛反應；偶合反應,,2012-11-26
306311,counter-lateral septum,對側隔壁,,2012-11-26
306312,countercurrent exchange,逆流交換,,2012-11-26
306313,counterbalance,抗衡,,2012-11-26
306314,counter current principle,逆流原則,,2012-11-26
306315,coulomotor nerve; n. oculomotorius,動眼神經,,2012-11-26
306316,coucal,番鵑,,2012-11-26
306317,cotype,同模式標本,,2012-11-26
306318,Cotylosaurs ,祖龍（屬）；杯龍（屬）,,2012-11-26
306319,COTYLOSAURIA,祖龍目,,2012-11-26
306320,Cotylorhynchus ,杯喙龍（屬）,,2012-11-26
306321,cotylophorus,具有絨毛葉胎盤的,,2012-11-26
306322,cotyloid ligament,杯窩韌帶,,2012-11-26
306323,cotyloid cavity,杯狀窩,,2012-11-26
306324,cotyloid bone,杯骨；髀臼骨,,2012-11-26
306325,cotyliform,杯狀,,2012-11-26
306326,cotyledonary placenta,絨毛葉胎盤,,2012-11-26
306327,cotyledon,絨毛葉；子葉,,2012-11-26
306328,cotyle; acetabulum,髖臼；髀臼；腹吸盤,,2012-11-26
306329,Coturnix coturnix ,鵪鶉,,2012-11-26
306330,COTTIDAE,杜父魚科,,2012-11-26
306331,COTTCOCOMEPHORIDAE,湖杜父魚科,,2012-11-26
306332,cotransport,共運輸,,2012-11-26
306333,COTINGIDAE,傘鳥科,,2012-11-26
306334,Cosymbotus platyurus,亞洲家壁虎；蜥虎,,2020-03-09
306335,costovertebral articulation,肋椎關節,,2012-11-26
306336,costotransverse foramen,肋橫突孔,,2012-11-26
306337,costotransverse articulation,肋橫突關節,,2012-11-26
306338,costomediastinal sinus,肋骨縱隔竇,,2012-11-26
306339,costocoracoid ligament,肋喙韌帶；肋鳥韌帶,,2012-11-26
306340,costochondral junction,硬軟肋骨結合,,2012-11-26
306341,costochondral articulation,肋[骨危]關節；肋軟骨關節,,2012-11-26
306342,costocervical vein,肋頸靜脈,,2012-11-26
306343,costocervical lymph gland,肋頸淋巴腺,,2012-11-26
306344,costocentral articulation,肋椎體關節,,2012-11-26
306345,costocentral artery,肋頸動脈,,2012-11-26
306346,costal surface,肋面,,2012-11-26
306347,costal scute; costal shield,肋盾,,2012-11-26
306348,costal respiration,肋式呼吸,,2012-11-26
306349,costal region,前緣部,,2012-11-26
306350,costal process,肋突,,2012-11-26
306351,costal pleure,肋胸膜,,2012-11-26
306352,costal plate,肋板,,2012-11-26
306353,costal nervue; costal vein,前緣脈,,2012-11-26
306354,costal margin,前緣,,2012-11-26
306355,costal fold,前緣褶,,2012-11-26
306356,costal demifacet,接肋半關節面,,2012-11-26
306357,costal cell,前緣室,,2012-11-26
306358,costal cartilage,軟肋,,2012-11-26
306359,costal area,前緣域,,2012-11-26
306360,costae cervicales,頸肋,,2012-11-26
306361,costa dichocephali,雙頸肋,,2012-11-26
306362,costa (pl. -tae),肋骨；前緣脈,,2012-11-26
306363,COSSIDAE,木蠹蛾科,,2012-11-26
306364,cosmozoic theory,宇宙論；星球生源論,,2012-11-26
306365,cosmotropical,遍熱帶性的,,2012-11-26
306366,COSMOPTERYGIDAE,尖細蛾科,,2012-11-26
306367,Cosmopolites sordidus  (Germar),香蕉球莖象鼻蟲,,2012-11-26
306368,cosmopolite,世界性種,,2012-11-26
306369,cosmopolitan,世界性的,,2012-11-26
306370,cosmoid scales,層鱗,,2012-11-26
306371,cosmine,層鱗質,,2012-11-26
306372,cosmic rays,宇宙線,,2012-11-26
306373,cosmic evolution,宇宙演化,,2012-11-26
306374,Corytophanes cristatus,盔頭鬣蜥,,2020-03-11
306375,Corythosaurus ,盔首龍（屬）,,2012-11-26
306376,Corythoichthys haematopterus ,冠海龍,,2012-11-26
306377,corysterium,泌膠腺體,,2012-11-26
306378,coryphodon,兜齒獸,,2012-11-26
306379,CORYPHAENOIDIDAE (=MACROURIDAE),突吻鱈科（長尾鱈科）,,2012-11-26
306380,CORYPHAENIDAE,鯕鰍科,,2012-11-26
306381,Coryphaena hippurus ,鬼頭刀,,2012-11-26
306382,Coryphaena equiselis ,棘鯕鰍,,2012-11-26
306383,Corynebacterium diphtheriae ,白喉桿菌,,2012-11-26
306384,CORYDALIDAE,蛇蜻蛉科,,2012-11-26
306385,Corvus macrorhynchos ,巨嘴鴉,,2012-11-26
306386,CORVIDAE,鴉科,,2012-11-26
306387,Corucia zebrata ; Solomon Island Skink,所羅門石龍子,,2012-11-26
306388,cortisone binding globulin,皮質酮結合球蛋白,,2012-11-26
306389,cortisone acetate,醋酸皮質酮,,2012-11-26
306390,cortisone,皮質酮,,2012-11-26
306391,cortisol binding globulin,皮質醇結合球蛋白,,2012-11-26
306392,cortisol,皮質醇,,2012-11-26
306393,Corti's organ,螺旋器；考蒂氏器,,2012-11-26
306394,cortin,皮質素,,2012-11-26
306395,corticotropic cell,促皮質細胞,,2012-11-26
306396,corticotrophin releasing hormone; corticotropic hormone-releasing hormone; CRH,促腎上腺皮質素釋放激素；皮質釋放激素；皮釋素,,2012-11-26
306397,corticotrophin; adrenocorticotropic hormone,促進腎上腺皮質激素,,2012-11-26
306398,corticosterone,皮質固酮,,2012-11-26
306399,corticosteroids,皮質類固醇激素,,2012-11-26
306400,corticosteroid-binding globulin (CBG),皮質類固醇結合球蛋白,,2012-11-26
306401,corticosteroid myopathy,皮質類固醇肌病變,,2012-11-26
306402,corticosteroid,皮質類固醇,,2012-11-26
306403,corticosteriod withdrawal syndorme,皮質類固醇斷藥症候群,,2012-11-26
306404,corticospinal tract,皮層脊髓束,,2012-11-26
306405,corticopontile fibers,皮層橋腦纖維,,2012-11-26
306406,corticolous,樹皮棲的,,2012-11-26
306407,corticoid,類皮素（質）,,2012-11-26
306408,cortico-bulbar tract,皮質延腦束,,2012-11-26
306409,cortical nodule,皮層小結,,2012-11-26
306410,cortical lobule,皮質小葉,,2012-11-26
306411,cortical labyrinth,皮質迷路,,2012-11-26
306412,cortical hormones,腎上腺皮質激素,,2012-11-26
306413,cortical gray matter,皮層灰質,,2012-11-26
306414,cortical centre,腦皮層中樞,,2012-11-26
306415,cortical body; interal bodies,皮層體；內層體,,2012-11-26
306416,cortex (pl. -tices),皮層；皮部；皮質,,2012-11-26
306417,corselet,胸甲；前胸,,2012-11-26
306418,CORRODENTIA,囓蟲目,,2012-11-26
306419,corresponding species,相對種,,2012-11-26
306420,corresponding point,符合點,,2012-11-26
306421,correlation table,相關表,,2012-11-26
306422,correlation ratio,相關率,,2012-11-26
306423,correlation coefficient,相關係數,,2012-11-26
306424,correlation centre,相關中樞,,2012-11-26
306425,CORREIDAE,緣椿象科,,2012-11-26
306426,corpus luteum stage,黃體期,,2012-11-26
306427,corpus luteum,黃體,,2012-11-26
306428,corpus allata,咽（喉）側腺,,2012-11-26
306429,corpus albicans,白體,,2012-11-26
306430,corpus adiposum,脂肪體；脂體,,2012-11-26
306431,corpus (pl. corpora),體,,2012-11-26
306432,corporotentorium,幕骨體,,2012-11-26
306433,corpora arenacea; brain sand,腦砂,,2012-11-26
306434,corpora amylacae,澱粉狀體,,2012-11-26
306435,corpora allata,咽側體,,2012-11-26
306436,coronoid,冠狀骨；喙狀骨,,2012-11-26
306437,coronet,小纖毛冠；蹄冠,,2012-11-26
306438,coronate egg,刺冠卵,,2012-11-26
306439,CORONATAE,冠水母目,,2012-11-26
306440,coronary vein,冠狀靜脈,,2012-11-26
306441,coronary thrombosis,冠狀動脈血栓症,,2012-11-26
306442,coronary suture,冠縫,,2012-11-26
306443,coronary sclerosis,冠狀動脈硬化,,2012-11-26
306444,coronary sinus,冠狀竇,,2012-11-26
306445,coronary plexus,冠狀神經叢,,2012-11-26
306446,coronary pillars,冠狀柱,,2012-11-26
306447,coronary occlusion,冠狀動脈栓塞,,2012-11-26
306448,coronary ligament,冠狀韌帶,,2012-11-26
306449,coronary groove; sulcus coronarius,冠狀溝,,2012-11-26
306450,coronary embolism,冠狀動脈栓塞,,2012-11-26
306451,coronary bone,冠骨,,2012-11-26
306452,coronary circulation,冠脈循環,,2012-11-26
306453,coronary artery disease,冠狀動脈疾病,,2012-11-26
306454,coronaria; coronary artery,冠狀動脈,,2012-11-26
306455,corona,纖毛盤；冠；纖毛冠,,2012-11-26
306456,cornual pregnancy,子宮角妊娠；角孕,,2012-11-26
306457,cornu branchiale,鰓角,,2012-11-26
306458,cornu cutaneum,皮角,,2012-11-26
306459,cornu ammonis; cornu hippocampus,海馬角,,2012-11-26
306460,cornu (pl. -nua),角,,2012-11-26
306461,Cornimytilus pinnaeformis  (Bouch),樟牡蠣介殼蟲,,2012-11-26
306462,Cornimytilus machili  (Maskeili),豬腳楠牡蠣介殼蟲,,2012-11-26
306463,cornification,角質化,,2012-11-26
306464,corniculus,腹管,,2012-11-26
306465,corniculum,角突；小角；產卵器鞘,,2012-11-26
306466,cornetfishes,管口魚,,2012-11-26
306467,corneosclera,角鞏膜,,2012-11-26
306468,corneal ulcer,角膜潰瘍,,2012-11-26
306469,corneal hypodermis,角膜真皮,,2012-11-26
306470,corneal cap,角質杯,,2012-11-26
306471,corneagen cells,角膜生成細胞,,2012-11-26
306472,cornea,角膜,,2012-11-26
306473,Corn Snake,玉米錦蛇,,2020-03-11
306474,Cormorant,鸕鶿,,2012-11-26
306475,cormor sea snake,闊帶青斑蛇,,2012-11-26
306476,cormidium (pl. -dia),群居體,,2012-11-26
306477,CORIXIDA,水蟲科,,2012-11-26
306478,cores,眼先部,,2012-11-26
306479,coreometer; corometer,瞳孔測量器,,2012-11-26
306480,corediastasis,瞳孔擴張,,2012-11-26
306481,corectasis,瞳孔放大,,2012-11-26
306482,Cordylus giganteus,巨環尾蜥,,2020-03-11
306483,CORDYLIDAE,環尾蜥科,,2012-11-26
306484,CORDULEGASTERIDAE,鉤蜓科,,2012-11-26
306485,cordiform teeth,顆粒齒,,2012-11-26
306486,cordiform,心臟形,,2012-11-26
306487,cord of tympanum,鼓索,,2012-11-26
306488,Corcyra cephalonica  (Stainton),外米綴蛾,,2012-11-26
306489,corcula,背管室,,2012-11-26
306490,CORCORACIDAE,擬鴉科,,2012-11-26
306491,Corbulinae,晦蛤亞科,,2012-11-26
306492,CORBULIDAE,晦蛤科,,2012-11-26
306493,CORBICULOIDEA,蜆蛤超科,,2012-11-26
306494,CORBICULIDA,蜆科（蜆蛤科）,,2012-11-26
306495,Corallus caninus,綠樹蚺,,2020-03-11
306496,corallum,珊瑚體,,2012-11-26
306497,CORALLIOPHIDAE (MAGILIDAE),珊瑚螺科（葉頭螺科）,,2012-11-26
306498,coral snakes,珊瑚蛇,,2012-11-26
306499,coral reef,珊瑚礁,,2012-11-26
306500,coral polyp,珊瑚螅蟲,,2012-11-26
306501,Coral Pipe Snake,圓環蛇,,2020-03-09
306502,coral,珊瑚,,2012-11-26
306503,coraco-radialis muscle,喙撓肌,,2012-11-26
306504,coraco-mandibula muscle,喙頜肌,,2012-11-26
306505,coracoid region,鳥喙區,,2012-11-26
306506,coracoid process,鳥喙突,,2012-11-26
306507,coracoid plate,鳥喙板,,2012-11-26
306508,coracoid groove,鳥喙溝,,2012-11-26
306509,coracoid foramen,鳥喙孔,,2012-11-26
306510,coracoid fenestra,鳥喙窗,,2012-11-26
306511,coracoid bar,鳥喙桿,,2012-11-26
306512,coracoid,鳥喙骨,,2012-11-26
306513,coraco-hyoid muscle,喙舌肌,,2012-11-26
306514,CORACINIDAE,烏鴉鱸科,,2012-11-26
306515,CORACIIFORMES,佛法僧目,,2012-11-26
306516,CORACIIDAE,佛法僧科,,2012-11-26
306517,copulatory spicules,交合刺,,2012-11-26
306518,copulatory process,交合突,,2012-11-26
306519,copulatory pouch,交合囊,,2012-11-26
306520,copulatory path,交合道,,2012-11-26
306521,copulatory organ,交合器,,2012-11-26
306522,copulatory bursa,交合囊,,2012-11-26
306523,copulatory,交合的,,2012-11-26
306524,copulation; coitus,交合；交媾,,2012-11-26
306525,Coptolabrus nankototai janus miwai ,台灣擬食蝸步行蟲,,2012-11-26
306526,coprozoic,糞生動物,,2012-11-26
306527,coprosterol; coprostanol,腎固醇,,2012-11-26
306528,copropophyrin,糞紫質,,2012-11-26
306529,coprophagous,食糞的,,2012-11-26
306530,coprolith,糞石,,2012-11-26
306531,coprodaeum; coprodeum,糞道,,2012-11-26
306532,coprobiont,食糞生物,,2012-11-26
306533,coproantibody,糞內抗體,,2012-11-26
306534,copperhead snakes,銅頭蛇,,2012-11-26
306535,Copperhead,銅頭蝮,,2020-03-06
306536,cophenetic,共表型,,2012-11-26
306537,copeposis,撓腳蚴；撓腳幼蟲,,2012-11-26
306538,COPEPODA,撓腳亞綱,,2012-11-26
306539,Coot,秧雞,,2012-11-26
306540,co-orientation,定向,,2012-11-26
306541,coordinately repressed enzymes,協同阻遏酶,,2012-11-26
306542,co-operation,互助；協同,,2012-11-26
306543,cooloblast; adhesive cell,粘細胞；膠細胞,,2012-11-26
306544,Cookeolus boops ,黑鰭牛目鯛,,2012-11-26
306545,cony (pl. conies),鼠兔,,2012-11-26
306546,convolutions of cerebrum,大腦迴,,2012-11-26
306547,convolution; gyrus,腦迴,,2012-11-26
306548,convoluted tubule,腎曲小管；曲細精管,,2012-11-26
306549,convoluted portion,迂迴部,,2012-11-26
306550,convivium; concicum,地理隔離種,,2012-11-26
306551,convex surface; dorso-lateral surface,大腦凸面,,2012-11-26
306552,converting enzyme,轉化酶,,2012-11-26
306553,conversion ratio,轉換率,,2012-11-26
306554,conversion of energy,能力轉換,,2012-11-26
306555,convergent homeomorpha,趨同同型,,2012-11-26
306556,convergent evolution,趨同演化,,2012-11-26
306557,convergent community,趨同群集,,2012-11-26
306558,convergent adaptation,趨同適應,,2012-11-26
306559,convergent,趨同,,2012-11-26
306560,convergence,趨同（作用）,,2012-11-26
306561,conventional unit,傳統的單位,,2012-11-26
306562,convection,對流,,2012-11-26
306563,convalescent stage sera,恢復期血清,,2012-11-26
306564,convalescent home,療養院,,2012-11-26
306565,convalescent,恢復；療養,,2012-11-26
306566,convalescence,恢復期,,2012-11-26
306567,conus cordis,心圓錐,,2012-11-26
306568,conus arteriosus,動脈圓錐,,2012-11-26
306569,conus,圓錐；視錐,,2012-11-26
306570,controlling elements,控制因子,,2012-11-26
306571,controlled experiment,對照實驗,,2012-11-26
306572,control; experimental,實驗對照,,2012-11-26
306573,contrasting characters,相對性質,,2012-11-26
306574,contrast agent,對比劑,,2012-11-26
306575,contraction; rhythmic,節律收縮,,2012-11-26
306576,contraction; reflex,反射收縮,,2012-11-26
306578,contraction; muscular,肌肉收縮,,2012-11-26
306579,contraction,收縮；攣縮,,2012-11-26
306580,contractility,收縮性,,2012-11-26
306581,contractile vacuole,伸縮泡,,2012-11-26
306582,contracted kidney,萎縮腎,,2012-11-26
306583,contraception,避孕,,2012-11-26
306584,contour feather; penna,【羽+是】；正羽,,2012-11-26
306585,continuity of the germplasm,種質連續；生殖質連續,,2012-11-26
306586,continuously varying trait,連續變異性狀,,2012-11-26
306587,continuous variation,連續變異,,2012-11-26
306588,continuous selection,連續選擇,,2012-11-26
306589,continuous phase,連續相,,2012-11-26
306590,continuous fiber,連續絲,,2012-11-26
306591,continuous fever,稽留熱,,2012-11-26
306592,continuous back cross,連續反交,,2012-11-26
306593,continental slope,大陸斜坡,,2012-11-26
306594,continental shelf,大陸棚,,2012-11-26
306595,continental islands,大陸性島嶼,,2012-11-26
306596,continental drift,大陸漂移說,,2012-11-26
306597,continent drift,大陸漂移說,,2012-11-26
306598,contig,片段重疊群,,2012-11-26
306599,contagious disease,接觸性傳染病,,2012-11-26
306600,contagion,接觸傳染,,2012-11-26
306601,contact insecticide,接觸殺蟲劑；觸殺劑,,2012-11-26
306602,constrictor vestibuli muscle,前庭縮肌,,2012-11-26
306603,constrictor urethrae muscle,尿道縮肌,,2012-11-26
306604,constrictor pharyngis muscle,咽頭縮肌,,2012-11-26
306605,Constrictor constrictor occidentalis ,阿根廷蚺蛇,,2012-11-26
306606,constrictor,收縮肌；縮肌；閉鎖肌,,2012-11-26
306607,constriction,縊縮,,2012-11-26
306608,constitutive enzymes,組成酶,,2012-11-26
306609,constitutional delay in growth and adolescence,體質性生長與青春期延遲,,2012-11-26
306610,constipation,便祕,,2012-11-26
306611,consistency index,一致性指數,,2012-11-26
306612,conservation,保育,,2012-11-26
306613,consensus tree,共同樹,,2012-11-26
306614,consensus sequence,一致序列,,2012-11-26
306615,consensus method,共同法,,2012-11-26
306616,consensus index,共同指標,,2012-11-26
306617,consanguinity,血親；血緣,,2012-11-26
306618,consanguineous marriage,血親聯婚,,2012-11-26
306619,Conradilla caelata ,鳥翼珍珠貝,,2012-11-26
306620,Conotrachelus nenuphar  (Herbst),李象鼻蟲,,2012-11-26
306621,CONOPOPHAGIDAE,食蚊鳥科,,2012-11-26
306622,Conopomorpha sinensis  Bradley,荔枝細蛾；荔枝蒂蛀蟲,,2012-11-26
306623,CONOPIDAE,眼蠅科,,2012-11-26
306624,Conolophus subcristatus,加拉巴哥陸鬣蜥,,2020-03-06
306625,Conolophus ,陸海鬣蜥（屬）,,2012-11-26
306626,CONOIDEA (=TOXOGLOSSA),芋螺超科（=櫛舌超科）,,2012-11-26
306627,Connochaetes. t. alboju batus ,白髯牛羚,,2012-11-26
306628,Connochaetes ,牛羚（屬）,,2012-11-26
306629,connective tissue,結締組織,,2012-11-26
306630,connecting piece,連結部（精子）,,2012-11-26
306631,conjunctiva,結膜；結合膜,,2012-11-26
306632,conjugation tube,接合管,,2012-11-26
306633,conjugation,接合；接合生殖,,2012-11-26
306634,conjugated proteins,接合蛋白質,,2012-11-26
306635,conjugated antigen,接合抗原,,2012-11-26
306636,conjugate diameter; sacropubic diameter,骨盤直徑；薦恥直徑,,2012-11-26
306637,conjugant,接合體,,2012-11-26
306638,conjugal ligament,接合韌帶,,2012-11-26
306639,CONIOPTERYGIDAE,粉蜻蛉科,,2012-11-26
306640,coniine; conine,毒芹素,,2012-11-26
306641,conidiospore formation,分生孢子形成,,2012-11-26
306642,CONIDAE,芋螺科,,2012-11-26
306643,conical papillae,圓錐乳突,,2012-11-26
306644,conhae,鼻甲骨,,2012-11-26
306645,CONGROGADIDAE,鰻[魚尉]科；鰻鯛科,,2012-11-26
306646,CONGRIDAE,康吉鰻科,,2012-11-26
306647,CONGIOPODIDAE,前鰭鮋科,,2012-11-26
306648,congestion,充血,,2012-11-26
306649,Conger conger ,歐洲康吉鰻,,2012-11-26
306650,congenital variation,先天變異,,2012-11-26
306651,congenital night blindness,先天性夜盲,,2012-11-26
306652,congenital malformation,先天性畸形,,2012-11-26
306653,congenital immunity,先天免疫性,,2012-11-26
306654,congenital disease,先天性疾病,,2012-11-26
306655,congenital defect,先天性缺陷,,2012-11-26
306656,congenital character,先天性質,,2012-11-26
306657,congenital adrenal hyperplasia,先天腎上腺增生,,2012-11-26
306658,confusing coloration,混淆色,,2012-11-26
306659,confluens sinuum,竇匯,,2012-11-26
306660,cones,錐狀細胞；視錐,,2012-11-26
306661,Conepatus humboldtii ,阿根廷臭鼬,,2012-11-26
306662,cone; of eye,眼球視錐,,2012-11-26
306663,condylus; condyle,髁狀突,,2012-11-26
306664,Condylura cristata ,星鼻鼴鼠,,2012-11-26
306665,Condylura ,星鼻鼴鼠（屬）,,2012-11-26
306666,condyloid vein,枕髁靜脈,,2012-11-26
306667,condyloid process,髁狀突,,2012-11-26
306668,condyloid fossa,髁窩,,2012-11-26
306669,condyloid crest,髁脊,,2012-11-26
306670,condyloid canal,後髁管,,2012-11-26
306671,condyloid artery,枕髁動脈,,2012-11-26
306672,condyle of temporal bone; condylus temporalis,顳髁,,2012-11-26
306673,condyle of occipital bone; condylus occipitalis,枕髁,,2012-11-26
306674,condyle of mandible; condylus mandibula,下頜髁,,2012-11-26
306675,condyle,髁狀突,,2012-11-26
306676,CONDYLARTHS,髁節類,,2012-11-26
306677,CONDYLARTHRA,髁突節目,,2012-11-26
306678,condylar foramen,髁孔,,2012-11-26
306679,conductivity,傳導性；導電度,,2012-11-26
306680,conduction,傳導,,2012-11-26
306681,conductile organelle,傳導胞器,,2012-11-26
306682,condom,保險套,,2012-11-26
306683,conditioned behavior,制約行為,,2012-11-26
306684,conditional factor,條件因子,,2012-11-26
306685,condenser,聚光器；蓄電器,,2012-11-26
306686,condensation reaction,濃縮反應,,2012-11-26
306687,condensability,凝縮力,,2012-11-26
306688,concrescence theory,結合齒論,,2012-11-26
306689,concordant twin,相似雙生,,2012-11-26
306690,CONCHOSTRACA,介甲目,,2012-11-26
306691,conchology,貝類學,,2012-11-26
306692,Conchodromus dromas ,多明尼加珍珠貝,,2012-11-26
306693,conchiolin,介殼素,,2012-11-26
306694,conchaossis sphenoides,蝶介；蝶骨甲,,2012-11-26
306695,conception,妊娠,,2012-11-26
306696,concentric lamella,圓心骨板圈,,2012-11-26
306697,concentration test,濃縮試驗,,2012-11-26
306698,concentration gradient,濃度梯度,,2012-11-26
306699,concentrated nervous system,集中性神經系統,,2012-11-26
306700,concealing coloration,隱匿色,,2012-11-26
306701,concealed mutation,隱伏突變,,2012-11-26
306702,conarium,松果體,,2012-11-26
306703,conamen,自殺；自殺行為,,2012-11-26
306704,conalbumin,附蛋白素,,2012-11-26
306705,computed tomography (CT),電腦斷層攝影,,2012-11-26
306706,computational biology,計算生物學,,2012-11-26
306707,Compsognathus ,細頸龍（屬）,,2012-11-26
306708,compressor,壓肌,,2012-11-26
306709,compression fracture,壓迫性骨折,,2012-11-26
306710,compression chamber,氣壓室,,2012-11-26
306711,compound gland,複腺,,2012-11-26
306712,compound eye,複眼,,2012-11-26
306713,compound alveolar gland; compound acinous gland,複合腺,,2012-11-26
306714,composite joint; compound joint,複關節,,2012-11-26
306715,composite egg,複合卵,,2012-11-26
306716,Compodea ,長跳蟲（屬）,,2012-11-26
306717,complex reflex,複雜反射,,2012-11-26
306718,complex metamorphosis; complete metamorphosis,完全變態,,2012-11-26
306719,complex heterozygote,複異型合子,,2012-11-26
306720,complex gland,複合腺,,2012-11-26
306721,complete sex linkage,完全性連鎖,,2012-11-26
306722,complete segmentation; holoblastic cleavage,全割；全割卵裂,,2012-11-26
306723,complete medium,完全培養基,,2012-11-26
306724,complete linking,完全連鎖,,2012-11-26
306725,complete dominance,完全顯性,,2012-11-26
306726,complementary sex factor theory,互補性因子說,,2012-11-26
306727,complementary genes,互補基因,,2012-11-26
306728,complementary factor,互補因子,,2012-11-26
306729,complementary effect,互補效果,,2012-11-26
306730,complementary color,互補色,,2012-11-26
306731,complementary cell,輔細胞,,2012-11-26
306732,complement; chromosome,互補染色體,,2012-11-26
306733,complement system,補體系統,,2012-11-26
306734,complement fixing antibodies,補體結合抗體,,2012-11-26
306735,complement,補體；組,,2012-11-26
306736,competitive protein binding,競爭性蛋白質結合,,2012-11-26
306737,competitive inhibition,競爭性抑制,,2012-11-26
306738,competitive exclusion principle (Gause's principle),競爭排斥法則（高氏法則）,,2012-11-26
306739,competitive exclusion,競爭排斥,,2012-11-26
306740,competition,競爭；爭奪,,2012-11-26
306741,competence,適合性；反應力,,2012-11-26
306742,compensation point,補償點,,2012-11-26
306743,compensation,補償,,2012-11-26
306744,compass,弧骨；小橈骨,,2012-11-26
306745,comparative physiology,比較生理學,,2012-11-26
306746,comparative genemics,比較基因組學,,2012-11-26
306747,comparative embryology,比較胚胎學,,2012-11-26
306748,comparative cytology,比較細胞學,,2012-11-26
306749,comparative anatomy,比較解剖學,,2012-11-26
306750,companions,伴生種,,2012-11-26
306751,companion cells,伴細胞,,2012-11-26
306752,compact substance,密骨質,,2012-11-26
306753,compact bone,緻密骨,,2012-11-26
306754,compact apical system,集積頂系,,2012-11-26
306755,compact,緻密,,2012-11-26
306756,community; land,陸地群集,,2012-11-26
306757,community; dynamic state of,群集動態,,2012-11-26
306760,community succession,群集消長；群集演替,,2012-11-26
306761,community dynamics,群集動態,,2012-11-26
306762,community composition,群集組成,,2012-11-26
306763,community complex,群集複合體,,2012-11-26
306764,community,群集（聚）；群落,,2012-11-26
306765,communicating branch; communican,交通枝,,2012-11-26
306766,communicans,交通枝（神經）,,2012-11-26
306767,communicable disease,傳染病,,2012-11-26
306768,communicability,有傳染性,,2012-11-26
306769,Common Wonder Gecko,伊犁沙虎,,2020-03-13
306770,Common Water Monitor,澤巨蜥,,2020-03-11
306771,Common Wall Gecko,摩爾壁虎,,2020-03-19
306772,common volar digital vein,總掌心指靜脈,,2012-11-26
306773,Common Viper,極北蝰,,2020-03-09
306774,common ventricle,前腦室,,2012-11-26
306775,common trabecula,會桁,,2012-11-26
306776,Common Tern,燕鷗,,2012-11-26
306777,Common Sun Skink,多線南蜥,,2020-03-11
306778,common sperm duct,總輸精管,,2012-11-26
306779,Common Snipe,田鷸,,2012-11-26
306780,Common Snapping Turtle,平板鱷龜,,2020-03-09
306781,common skink,中國石龍子,,2012-11-26
306782,Common Slider,紅耳龜,,2020-03-09
306783,common sea serpent,青環海蛇,,2012-11-26
306784,Common Scaly-foot,鱗腳蜥,,2020-03-13
306785,common scaled water snake,草花蛇,,2012-11-26
306786,Common Sandpiper,磯鷸,,2012-11-26
306787,Common Rice Paddy Snake; Enhydris plumbea ,水蛇,,2012-11-26
306788,Common Quail,鵪鶉,,2012-11-26
306789,common porpoise; common dolphin,真海豚,,2012-11-26
306790,Common Pochard,磯雁,,2012-11-26
306791,Common Nighthawk,美洲夜鷹,,2012-11-26
306792,Common Mock Snake; Psammodynastes pulverulentus ,茶斑蛇,,2012-11-26
306793,common meatus,總鼻道,,2012-11-26
306794,common labial vein,總唇靜脈,,2012-11-26
306795,Common Kingfisher,翠鳥,,2012-11-26
306796,Common King Snake,王蛇,,2020-03-11
306797,common jugular vein,總頸靜脈,,2012-11-26
306798,common interosseous artery,骨間總動脈,,2012-11-26
306799,common iliac vein,總胯靜脈,,2012-11-26
306800,Common House Gecko,蝎虎,,2020-03-09
306801,common genital cloaca,總殖腔,,2012-11-26
306802,Common Flying Gecko,滑褶虎,,2020-03-11
306803,common digital artery,總指動脈,,2012-11-26
306804,common cold,感冒,,2012-11-26
306805,common cochlear artery,耳蝸總動脈,,2012-11-26
306806,Common cobra,眼鏡蛇；飯匙倩,,2020-03-19
306807,common carotid artery,總頸動脈,,2012-11-26
306808,common cardinal vein,總主靜脈,,2012-11-26
306809,Common Buzzard,鵟,,2012-11-26
306810,common brachiocephalic trunk,總頭肱動脈幹,,2012-11-26
306811,Common Box Turtle,美洲箱龜,,2020-03-11
306812,Common Blue-tongue Skink,藍舌蜥,,2020-03-06
306813,Common Blind Snake,盲蛇,,2020-03-09
306814,common bile duct,總膽管,,2012-11-26
306815,Common Agama,彩虹鬣蜥,,2020-03-06
306816,commissural vessel,聯合血管,,2012-11-26
306817,commissural nucleus,聯合核,,2012-11-26
306818,commissural neuron,聯合神經元,,2012-11-26
306819,commissural fiber,聯合（神經）纖維,,2012-11-26
306820,commissura; commissure,聯合；神經橫索；接合緣；接索,,2012-11-26
306821,commensalism,片利共棲（共生）,,2012-11-26
306822,commensal,共棲體,,2012-11-26
306823,comma bacteria; (Spirillum cholerae ),霍亂弧菌俗名（學名）,,2012-11-26
306824,COMEPHORIDAE,胎生貝湖魚科；毛杜父魚科,,2012-11-26
306825,comb-plate,櫛板,,2012-11-26
306826,comb-jellies,櫛水母,,2012-11-26
306827,comb,肉冠；蜂房；櫛,,2012-11-26
306828,coma,昏迷,,2012-11-26
306829,columnar epithelium,柱狀皮膜；柱狀上皮,,2012-11-26
306830,columnar chain,耳柱鍊,,2012-11-26
306831,column,柱；莖,,2012-11-26
306832,colummae carneae,肉柱,,2012-11-26
306833,columella,耳柱骨；胚柱,,2012-11-26
306834,COLUMBIFORMES,鴿形目,,2012-11-26
306835,COLUMBIDAE,鳩鴿科,,2012-11-26
306836,COLUMBELLIDAE,牙螺科,,2012-11-26
306837,COLUMBARIIDAE (=PYRENIDAE),小麥螺科（=麥螺科）,,2012-11-26
306838,Columba livia ,野鴿,,2012-11-26
306839,colugo; Caleopithecus ; flying lemur,飛狐（屬）,,2012-11-26
306840,COLUBRIDAE,黃頷蛇科,,2012-11-26
306841,COLUBRAIIDAE,小梭螺科,,2012-11-26
306842,colostrum; foremilk,初乳,,2012-11-26
306843,Colossoma migripinne ,黑蓋巨脂鯉,,2012-11-26
306844,Colossoma macropomum ,大蓋巨脂鯉,,2012-11-26
306845,colorimeter; chromometer,比色計；色度計,,2012-11-26
306846,Colorado Fringe-toed Lizard,科羅拉多鬚趾蜥,,2020-03-19
306847,color vision,辨色；色覺,,2012-11-26
306848,color pattern,色型,,2012-11-26
306849,color index,色指數；色度,,2012-11-26
306850,color dimorphism,變態色；色變型,,2012-11-26
306851,color blindness,色盲,,2012-11-26
306852,colony-stimulating factor,群落-刺激因子,,2012-11-26
306853,colony variation,菌落變異,,2012-11-26
306854,colony formation of micro-organism,菌落形成,,2012-11-26
306855,colony,聚落；群體；菌落,,2012-11-26
306856,colonization,聚落形成,,2012-11-26
306857,colonial organisms,群體生物,,2012-11-26
306858,colon labyrinth,結腸迴,,2012-11-26
306859,colon,結腸,,2012-11-26
306860,Cololabis saira ,秋刀魚,,2012-11-26
306861,COLOCONGRIDAE,短尾康吉鰻科,,2012-11-26
306862,Colobus rufomitratus ,塔那河紅疣猴,,2012-11-26
306863,Colobus quereza ,黑白疣猴,,2012-11-26
306864,Colobus pennantii kirki ,桑吉巴紅疣猴,,2012-11-26
306865,Colobus ,疣猴（屬）,,2012-11-26
306866,COLBOGNATHA,單顎目,,2012-11-26
306867,Colobinae,疣猴亞科,,2012-11-26
306868,collum; neck; collar,頸；領,,2012-11-26
306869,COLLOTHECACEA,被鞘亞目,,2012-11-26
306870,Collosciurus erythraeus nigridorsalis ,黑背條腹松鼠,,2012-11-26
306871,collophore; ventral tube,腹管；粘管,,2012-11-26
306872,colloidal system,膠體系,,2012-11-26
306873,colloidal metal,膠體金屬,,2012-11-26
306874,colloidal disperse system,膠體分散系,,2012-11-26
306875,colloid osmotic pressure,膠體滲透壓,,2012-11-26
306876,colloid degeneration,膠性變性,,2012-11-26
306877,colloid carcinoma,膠質性癌,,2012-11-26
306878,colloid adenoma,膠（質）腺瘤,,2012-11-26
306879,colloid,膠體,,2012-11-26
306880,collodion; collodium,火棉膠；膠棉,,2012-11-26
306881,Collocalia fuciphaga ,金絲燕,,2012-11-26
306882,Collocalia ,金絲燕（屬）,,2012-11-26
306883,colloblast,膠細胞,,2012-11-26
306884,collimator,視準計；準值儀,,2012-11-26
306885,collidal theory,膠體學說,,2012-11-26
306886,collidal solution,膠體溶液,,2012-11-26
306887,COLLETIDAE,擬蜜蜂科,,2012-11-26
306888,collencyte,星膠細胞,,2012-11-26
306889,collenchyma,疏鬆性間葉層；厚角組織,,2012-11-26
306890,COLLEMBOLA,粘管目,,2012-11-26
306891,collecting tubule,聚尿小管；集管,,2012-11-26
306892,collecting duct,集尿管,,2012-11-26
306893,collateral vessel,副血管,,2012-11-26
306894,collateral sesamoidian artery,側子骨動脈,,2012-11-26
306895,collateral radial artery,撓副動脈,,2012-11-26
306896,collateral ligament,側韌帶,,2012-11-26
306897,collateral inheritance,傍系遺傳,,2012-11-26
306898,collateral ganglion,側神經結,,2012-11-26
306899,collateral fissure,副溝,,2012-11-26
306900,collateral circulation,側枝循環,,2012-11-26
306901,collateral branch,側枝,,2012-11-26
306902,collateral,側；副；並立,,2012-11-26
306903,Collared Scops-Owl,領角鴞,,2012-11-26
306904,Collared Lizard; Crotaphytus collaris ,環頸蜥,,2012-11-26
306905,Collared Bush Robin,栗背林鴝,,2012-11-26
306906,collagenous fiber,膠原纖維,,2012-11-26
306907,collagenase,膠原酶,,2012-11-26
306908,collagen disease,膠原病,,2012-11-26
306909,collagen,膠原,,2012-11-26
306910,coli-typhoid-paratyphoid dysentery group,大腸傷寒；副傷寒；痢疾菌類,,2012-11-26
306911,COLIIDAE,鼠鳥科,,2012-11-26
306912,COLIFORMES,鼠鳥目,,2012-11-26
306913,colic mesentery,結腸繫膜,,2012-11-26
306914,colic lymph gland,結腸淋巴腺,,2012-11-26
306915,colic impression,結腸壓痕,,2012-11-26
306916,colic coeca,結腸盲囊；盲腸,,2012-11-26
306917,colic band,結腸帶,,2012-11-26
306918,colic artery,結腸動脈,,2012-11-26
306919,colibacillas,大腸桿菌,,2012-11-26
306920,coli-aerogenese group,大腸產氣菌類,,2012-11-26
306921,COLEOPTERA,鞘翅目,,2012-11-26
306922,Coleonyx variegatus,橫紋鞘爪虎,,2020-03-13
306923,COLEOIDEA (=DIBRANCHIATA),鞘形亞綱（=二鰓亞綱）,,2018-11-25
306924,cold-bloodedness,冷血,,2012-11-26
306925,cold-blooded animals,冷血（變溫）動物,,2012-11-26
306926,cold virus,感冒病毒,,2012-11-26
306927,cold sores,脣泡疹,,2012-11-26
306928,cold receptors,冷受器,,2012-11-26
306929,cold hardiness,耐寒力,,2012-11-26
306930,cold dormancy,冷眠,,2012-11-26
306931,colchicine,秋水仙素,,2012-11-26
306932,Colasposoma dauricum  (Mannerheim),甘薯猿葉蟲,,2012-11-26
306933,coition; coitus; copulation,交合,,2012-11-26
306934,coiled tubular gland,迴管腺,,2012-11-26
306935,cohesive force,內聚力,,2012-11-26
306936,cohort,同屬性群,,2012-11-26
306937,cohesion-adhesion-tension theory,內聚力-黏著力-張力學說,,2012-11-26
306938,cohesion,內聚力；連接,,2012-11-26
306939,cognitive function,認知機能,,2012-11-26
306940,cognation,近親；同血族,,2012-11-26
306941,cofactor,輔因素,,2012-11-26
306942,coevoultion,共同進化,,2012-11-26
306943,COEREBIDAE,蕉森鶯科,,2012-11-26
306944,co-enzyme,輔酶；輔酵素,,2012-11-26
306945,coenzyme,輔酶,,2012-11-26
306946,coenurus,共尾蚴,,2012-11-26
306947,COENOTHECALIA,藍珊瑚目,,2012-11-26
306948,coenosis,生物群集,,2012-11-26
306949,coenosarcal cavity,共肉腔,,2012-11-26
306950,coenosarc,共肉,,2012-11-26
306951,coenogenesis,新生體形；後生變態,,2012-11-26
306952,coenocytic organisms,多核體生物,,2012-11-26
306953,coenocyte,多核體,,2012-11-26
306954,coenobium (pl. -bia),聯生體,,2012-11-26
306955,COENOBITIDAE,陸寄居蟹科,,2012-11-26
306956,coenobiosis,聯合生活,,2012-11-26
306957,coenenchyma; coenenchyme,共同組織,,2012-11-26
306958,coencytic,多核的,,2012-11-26
306959,Coelurosaurs ,腔殖龍（屬）,,2012-11-26
306960,coelurosauria,腔殖龍類,,2012-11-26
306961,Coelorhynchus multispinulosus ,多棘鬚鱈,,2012-11-26
306962,Coelorhynchus kamoharai ,蒲原氏鬚鱈,,2012-11-26
306963,Coelops frithi ,亞洲無尾葉鼻蝠,,2012-11-26
306964,Coelops ,無尾葉鼻蝠（屬）,,2012-11-26
306965,COELOPIDAE,海濱蠅科,,2012-11-26
306966,coelomula,體腔胚,,2012-11-26
306967,coelomostome,體腔口,,2012-11-26
306968,coelomoduct,體腔管,,2012-11-26
306969,coelomocytes,體腔細胞,,2012-11-26
306970,coelomic split,體腔隙,,2012-11-26
306971,coelomic sac; coelomic pouch,體腔囊,,2012-11-26
306972,coelomic lining,體腔襯膜,,2012-11-26
306973,coelomic fluid,體腔液,,2012-11-26
306974,coelomic epithelium,體腔皮膜；體腔外皮,,2012-11-26
306975,coelomic artery,體腔動脈,,2012-11-26
306976,coelomation,體腔形成,,2012-11-26
306977,COELOMATA,體腔動物,,2012-11-26
306978,coelom,體腔,,2012-11-26
306979,COELOLEPIDA,腔鱗目,,2012-11-26
306980,coelogastrula,腔原腸胚,,2012-11-26
306981,coelodont,虛齒,,2012-11-26
306982,coeloblastula,腔囊胚；有腔囊胚,,2012-11-26
306983,coeliaco-mesenteric ganglion,腹腔繫膜神經結,,2012-11-26
306984,coeliaco-mesenteric artery,腹腔繫膜動脈,,2012-11-26
306985,coeliaco-mesenteric,腹腔繫膜的,,2012-11-26
306986,coeliac plexus,腹腔神經叢,,2012-11-26
306987,coeliac lymph gland,腹腔淋巴腺,,2012-11-26
306988,coeliac ganglion,腹腔神經結,,2012-11-26
306989,coeliac artery,腹腔動脈,,2012-11-26
306990,coeliac,腹腔的,,2012-11-26
306991,coelenteron,腔腸,,2012-11-26
306992,COELENTERATA,腔腸動物,,2012-11-26
306993,COELATA,有腸亞網,,2012-11-26
306994,COELACANTHIFORMES,腔棘魚目,,2012-11-26
306995,COELACANTHIDAE,腔棘魚科,,2012-11-26
306996,coefficient of variability,變異係數,,2012-11-26
306997,coecum (pl. coeca),盲囊,,2012-11-26
306998,cods,鱈類,,2012-11-26
306999,codon,基碼,,2012-11-26
307000,codominance,等顯性,,2012-11-26
307001,codling moth,蘋果捲葉蛾,,2012-11-26
307002,coding sequence,編碼序列,,2012-11-26
307003,codfish,鱈,,2012-11-26
307004,codehydrogenase,輔胱氫酶,,2012-11-26
307005,codecarboxylase,輔胱羧酶,,2012-11-26
307006,codeaminase,輔胱胺酶,,2012-11-26
307007,cocoon,繭；卵袋,,2012-11-26
307008,cockroach,蜚蠊；蟑螂,,2012-11-26
307009,Cockatoos,小鸚鵡,,2012-11-26
307010,Cociella crocodila ,正顎鯒；鱷形牛尾魚,,2012-11-26
307011,COCHLIDIDAE,刺蛾科,,2012-11-26
307012,cochlear reccess,耳蝸窩,,2012-11-26
307013,cochlear prominence,鼻甲隆起,,2012-11-26
307014,cochlear nerve,耳蝸神經,,2012-11-26
307015,cochlear fenestra,蝸窗,,2012-11-26
307016,cochlear duct,耳蝸管,,2012-11-26
307017,cochlear branch,耳蝸枝,,2012-11-26
307018,cochlea tibiae,脛蝸,,2012-11-26
307019,cochlea,耳蝸,,2012-11-26
307020,cochineal insect,胭脂蟲,,2012-11-26
307021,coccyx (pl. -yges),尾骨；尾骶骨；尾桿,,2012-11-26
307022,coccygemesenteric vein,尾腸繫膜靜脈,,2012-11-26
307023,coccygeal vertebrae,尾椎,,2012-11-26
307024,coccygeal nerve,尾神經,,2012-11-26
307025,coccygeal muscle,尾骨肌,,2012-11-26
307026,coccygeal ganglion,尾神經結,,2012-11-26
307027,coccygeal bodies,尾骶體,,2012-11-26
307028,coccygeal articulation,尾椎關節,,2012-11-26
307029,coccygeal artery,尾動脈,,2012-11-26
307030,coccygeal,尾部的,,2012-11-26
307031,Coccus viridis  (Green),綠介殼蟲,,2012-11-26
307032,Coccus hesperidum  Linnaeus,扁介殼蟲,,2012-11-26
307033,Coccus elongatus  Signoret,長介殼蟲,,2012-11-26
307034,COCCULINOIDEA,可可螺超科,,2012-11-26
307035,COCCULINIDAE,可可螺科,,2012-11-26
307036,COCCOPDEA,介殼蟲首科,,2012-11-26
307037,coccon breaker; coccon cutter,破繭器,,2012-11-26
307038,COCCINELLIDAE,瓢蟲科,,2012-11-26
307039,coccidiosis,球蟲病,,2012-11-26
307040,COCCIDIA,球蟲目,,2012-11-26
307041,COCCIDAE,介殼蟲科,,2012-11-26
307042,cocci,球菌,,2012-11-26
307043,co-carboxylase; thiamine pyrophosphate,輔羧酶,,2012-11-26
307044,cocaine; cocaina,古柯鹼,,2012-11-26
307045,COBRAS,蝙蝠蛇科,,2012-11-26
307046,Cobitis taenia ,沙鰍,,2012-11-26
307047,COBITIDIDAE,鰍科,,2012-11-26
307048,cobalamin,鈷胺,,2012-11-26
307049,Coastal skink,沿岸島蜥,,2020-03-19
307050,coarctatus,圍蚴；擬蛹；堅皮幼蟲,,2020-03-11
307052,coarctate pupa,圍蛹,,2012-11-26
307053,coarctate,緊壓；縮小,,2020-03-11
307054,coalescence,癒合；結合,,2012-11-26
307055,Coal Tit,煤山雀,,2012-11-26
307056,coagulation time; coagulating time,凝固時間,,2012-11-26
307057,coagulation,凝固作用,,2012-11-26
307058,coagulase,凝固酶,,2012-11-26
307059,coadaptation,共同適應,,2012-11-26
307060,coacervates,團聚體,,2012-11-26
307061,co-A,雙醋酸輔酶A; 乙醯乙酸輔酶,,2012-11-26
307062,CNIDOSPORIDIA,極囊孢子亞綱,,2012-11-26
307063,cnidocyte,刺絲胞,,2012-11-26
307064,cnidocil,刺細胞突起；刺針,,2012-11-26
307065,cnidoblast,刺絲細胞,,2012-11-26
307066,Cnidarians,刺胞動物,,2012-11-26
307067,CNIDARIA,刺絲胞動物門,,2012-11-26
307068,cnemidium,裸腳區,,2012-11-26
307069,cnemial process,脛突,,2012-11-26
307070,cnemial crest,脛脊,,2012-11-26
307071,cnemial,脛骨的,,2012-11-26
307072,Cnaphalocrocis medinalis  Guenée,瘤野螟,,2012-11-26
307073,clypeus (pl. -pei),額片；唇基；頭盾,,2012-11-26
307074,Clypeaster ,蛸枕；砂錢（屬）,,2012-11-26
307075,clypeus,額；盾部；唇基,,2012-11-26
307076,clutch,窩,,2012-11-26
307077,clustering,聚類,,2012-11-26
307078,CLUPEIFORMES,鯡目,,2012-11-26
307079,CLUPEIDAE,鯡科,,2012-11-26
307080,Clupea harengus ,大西洋鯡,,2012-11-26
307081,club,棒形骨針,,2012-11-26
307082,clouded leopard,雲豹,,2012-11-26
307083,clotting of plasma,血漿凝固,,2012-11-26
307084,clotting of blood,血凝固,,2012-11-26
307085,clothing hair,被毛,,2012-11-26
307086,clot,血凝塊,,2012-11-26
307087,Clostridium ,梭孢桿菌（屬）,,2012-11-26
307088,clostridia,梭菌類,,2012-11-26
307089,closed type,閉鎖型,,2012-11-26
307090,closed root,閉根齒型,,2012-11-26
307091,closed loop system,閉路系統,,2012-11-26
307092,closed gland,無管腺,,2012-11-26
307093,closed circulation,閉鎖循環,,2012-11-26
307094,closed chromosome,閉鎖染色體,,2012-11-26
307095,clonus,陣攣,,2012-11-26
307096,Clonorchis sinensis ,華肝吸蟲；華肝蛭,,2012-11-26
307097,Clonorchis ,肝吸蟲（屬）,,2012-11-26
307098,cloning; of cells,細胞的純系化,,2012-11-26
307099,cloning of recombinant DNA,重組DNA選殖,,2022-08-22
307100,clone,無性繁殖系,,2012-11-26
307101,clonal theory; of antibody formation,抗體形成之細胞系理論,,2012-11-26
307102,clonal selection,無性繁殖系選擇,,2012-11-26
307103,cloacal vein,泄殖腔靜脈,,2012-11-26
307104,cloacal plug,泄殖口栓,,2012-11-26
307105,cloacal plate,泄殖腔板,,2012-11-26
307106,cloacal endoblast,泄殖腔內胚層,,2012-11-26
307107,cloacal coecum,泄殖腔盲囊,,2012-11-26
307108,cloacal chamber; cloaca,泄殖腔,,2012-11-26
307109,cloacal bladder,泄殖腔性膀胱,,2012-11-26
307110,cloacal artery,泄殖腔動脈,,2012-11-26
307111,cloaca (pl. -cae); cloacal in bone,骨瘻孔,,2012-11-26
307112,clitoromegaly,陰蒂肥大,,2012-11-26
307113,cloaca (pl. -cae); cloacal chamber,泄殖腔,,2012-11-26
307114,clitoris,陰蒂,,2012-11-26
307115,clitoral hypertrophy,陰蒂肥大,,2012-11-26
307116,clitellum,生殖帶；環帶,,2012-11-26
307117,cligue,派系；最大相容形質組,,2012-11-26
307118,CLIP (corticotropin-like intermediate lobe peptide),類皮促素中葉胜肽,,2012-11-26
307119,clinodactly,指（趾）彎曲,,2012-11-26
307120,CLINIDAE,胎【魚+尉】科,,2012-11-26
307121,clinical genetics,臨床遺傳學,,2012-11-26
307122,cline,族群相,,2012-11-26
307123,climax stage,巔峰期,,2012-11-26
307124,climax community,巔峰群集（聚）,,2012-11-26
307125,climax,頂級；顛峰,,2012-11-26
307126,climatograph; climagraph; climograph,氣侯圖,,2012-11-26
307127,climatic climax,氣侯巔峰群集,,2012-11-26
307128,CLIMACTERIDAE,短嘴旋木雀科,,2012-11-26
307129,climacteric,停經期；更年期,,2020-03-06
307130,Clethrionomys gapperi ,加拿大紅背鼠,,2012-11-26
307131,Clethrionomys ,紅背鼠（屬）,,2012-11-26
307132,CLERIDAE,郭公蟲科,,2012-11-26
307133,Clemmys mutica ,柴棺龜,,2012-11-26
307134,Clemmys muhlenbergi ,牟氏龜,,2012-11-26
307135,cleme,小枝骨針,,2012-11-26
307136,cleithrum,匙骨,,2012-11-26
307137,cleistothecium,閉囊殼,,2012-11-26
307138,cleidomastoid muscle,鎖乳肌,,2012-11-26
307139,cleidoic egg,殼卵,,2012-11-26
307140,cleavage,卵裂；分裂,,2020-03-09
307141,cleavage; in fertilized egg,受精卵的卵裂,,2012-11-26
307142,cleavage stage,卵裂期；分割期,,2012-11-26
307143,cleavage plane,卵裂面；分裂面,,2012-11-26
307144,cleavage pattern,卵裂型；分裂型,,2012-11-26
307145,cleavage path,卵裂徑,,2012-11-26
307146,cleavage nucleus,卵裂核,,2012-11-26
307147,cleavage coefficient,卵裂係數,,2012-11-26
307148,cleavage cavity,卵裂腔；分裂腔,,2012-11-26
307150,clear cell,透亮細胞,,2012-11-26
307151,claw-hand,爪形手,,2012-11-26
307152,claw,爪；鉤爪,,2012-11-26
307153,clavotrapezius muscle,鎖斜方肌,,2012-11-26
307154,clavodeltoid muscle,鎖三角肌,,2012-11-26
307155,clavobrachial muscle,鎖肱肌,,2012-11-26
307156,Clavinae,裂管螺亞科,,2012-11-26
307157,clavicle; collar bone; clavicula,鎖骨,,2012-11-26
307158,clavale suture,瓜片縫,,2012-11-26
307159,CLAVAGILLOIDEA,棒蛤超科；棒蠣超科,,2012-11-26
307160,CLAVAGILLIDAE,棒蛤科；棒蠣科,,2012-11-26
307161,CLAVAGELLOIDEA,筍蠣超科,,2012-11-26
307162,CLAVAGELLIDAE,筍蠣科,,2012-11-26
307163,clava,棒狀體；槌子體,,2012-11-26
307164,claustrum,屏狀巢；帶狀核,,2012-11-26
307165,CLAUSILIOIDEA,煙管蝸牛超科；密封蝸超科,,2012-11-26
307166,CLAUSILIIDAE,煙管蝸牛科；密封蝸科,,2012-11-26
307167,classification,分類,,2012-11-26
307168,class,綱,,2012-11-26
307169,clasper,鰭媾器；鰭腳；攫握器,,2012-11-26
307170,clasmatocyte,破折細胞,,2012-11-26
307171,Clarke's column; nucleus dorsalis,背核；Clark氏柱,,2012-11-26
307172,CLARIIDAE,鬍子鯰科；鬍鯰科,,2012-11-26
307173,Clarias fuscus ,塘蝨魚；鬍子鯰,,2012-11-26
307174,Clamydosaurus kingii ; Frilled Lizard,傘蜥,,2012-11-26
307175,clamworm,蛤蟲,,2012-11-26
307176,cladogram,分支圖；支序圖,,2012-11-26
307177,cladogenesis,支系發生；分支演化,,2012-11-26
307178,cladodont,戟齒,,2012-11-26
307179,CLADOCOPA,叉角目,,2012-11-26
307180,CLADOCERA,枝角目,,2012-11-26
307182,cladistics,支序學；支序分類學,,2012-11-26
307183,clad,分支群；分支,,2012-11-26
307184,CLADISTIA; POLYPTERIDA,多鰭目,,2012-11-26
307185,CLADISTIA,枝鰭亞網,,2012-11-26
307186,CLADISTA,腕鰭亞網,,2012-11-26
307187,Civet,靈貓類；麝貓類,,2012-11-26
307188,citta,異食癖,,2012-11-26
307189,citrulline,瓜胺酸,,2012-11-26
307190,citrinin,橘黴素,,2012-11-26
307191,citric acid cycle; c. a. cycle,檸檬酸反應環,,2012-11-26
307192,citric acid cycle,檸檬酸循環,,2012-11-26
307193,citric acid,檸檬酸,,2012-11-26
307194,citrate,檸檬酸,,2012-11-26
307195,citral,檸檬油醛,,2012-11-26
307196,CITHARINIDAE,琴鮭鯉科；琴脂鯉科,,2012-11-26
307197,CITHARIDAE,棘鮃科,,2012-11-26
307198,cistron,作用子,,2012-11-26
307199,Cistoclemmys flavomarginata,食蛇龜；黃緣閉殼龜,,2020-03-19
307200,cisternas,水缸或水箱,,2012-11-26
307201,cisternae; of endoplasmic reticulum,內質網扁囊,,2012-11-26
307202,cisterna chyle,乳糜池,,2012-11-26
307203,cisterna,扁囊；池,,2012-11-26
307204,CISTELIDAE,朽木蟲科,,2012-11-26
307205,ciscoes,西斯柯白鮭類（白鮭類俗名）,,2012-11-26
307206,cirtullinemia,瓜胺酸血症,,2012-11-26
307207,cirrus sac,陰莖囊,,2012-11-26
307208,cirrus (pl. -ri),觸毛；觸髮；棘毛；腕絲；卷枝；蔓足；交接器,,2012-11-26
307209,CIRRIPEDIA,蔓腳亞網,,2012-11-26
307210,Cirripectes fuscogutatus ,黑斑頸鬚【魚+尉】,,2012-11-26
307211,cirrhosis,硬變；硬化,,2012-11-26
307212,Cirrhochrista brizoalis  Walker,黃紋大螟蛾,,2012-11-26
307213,Cirrhitus pinnulatus ,高眶絲鰭鷹斑鯛(【魚+翁】),,2012-11-26
307214,CIRRHITIDAE,【魚+翁】科,,2012-11-26
307215,Cirrhitichthys oxycephalus ,尖鰭金【魚+翁】,,2012-11-26
307216,Cirrhina molitorella ,鯁魚,,2012-11-26
307217,Cirrhilabrus temminckii ,丹氏絲鰭鸚鯛,,2012-11-26
307218,Cirrhilabrus cyanopleura ,藍腹絲鰭鸚鯛,,2012-11-26
307219,circus movement,環動,,2012-11-26
307220,circumvallate papilla,輪廓乳突,,2012-11-26
307221,circumpolar zone,極圈帶；環極區帶,,2012-11-26
307222,circumpharynceal commissure,圍咽連合神經,,2012-11-26
307223,circumoral nerve ring,圍口神經環,,2012-11-26
307224,circumgenital pore,圍生殖孔,,2012-11-26
307225,circumgenital gland,圍生殖腺,,2012-11-26
307226,circumgenital,圍生殖的,,2012-11-26
307227,circumflex vein,迴旋靜脈,,2012-11-26
307228,circumflex nerve; axillary nerve,腋神經,,2012-11-26
307229,circumflex,迴旋的,,2012-11-26
307230,circumferentria articularia,關節環狀面,,2012-11-26
307231,circumduction,環動作用；迴轉作用,,2012-11-26
307232,circumcision,包皮環割術,,2012-11-26
307233,circumanal gland,圍肛腺,,2012-11-26
307234,circumanal area,圍肛區,,2012-11-26
307235,circumanal,圍肛；環肛,,2012-11-26
307236,circum ventricular organ,心室周圍的器官,,2012-11-26
307237,circulus (pl. -li),鱗環；血管環,,2012-11-26
307238,circulatory system,循環系統,,2012-11-26
307239,circulatory organ,循環器官,,2012-11-26
307240,circulatory disturbances,循環失調,,2012-11-26
307241,circulation,循環作用,,2012-11-26
307242,circulating antibodies,循環抗體,,2012-11-26
307243,circular sinus,環狀竇,,2012-11-26
307244,circular muscle,環肌,,2012-11-26
307245,circular layer,環行肌層,,2012-11-26
307246,circular canal,環狀溝,,2012-11-26
307247,circular,環狀的,,2012-11-26
307248,circuflex artery,迴旋動脈,,2012-11-26
307249,circuferentia,環狀面；圓周,,2012-11-26
307250,circle of willis,韋氏動物環；動脈環,,2012-11-26
307251,circinal; circinate; circinatus,旋卷的,,2012-11-26
307252,Circinae,玉環蛤亞科,,2012-11-26
307253,circadian rhythms,週日性規律變化；週日性律動,,2012-11-26
307254,CINONIIDAE,鸛科,,2012-11-26
307255,cingulum,扣帶；外纖毛帶；環台,,2012-11-26
307256,cinephotomicrography,電影顯微照相術,,2012-11-26
307257,cinematography,電影攝製術,,2012-11-26
307258,CINCLIOSOMATIDAE,鶉鶇科,,2012-11-26
307259,CINCLIDAE,河烏科,,2012-11-26
307260,cinchona,金雞納,,2012-11-26
307261,Cinara formosana  (Takahashi),台灣大蚜,,2012-11-26
307262,CIMICIDAE,床蝨科,,2012-11-26
307263,CIMBICIDAE,棒角葉蜂科,,2012-11-26
307264,cilium,纖毛,,2012-11-26
307265,CILIOPHORA,纖毛亞門,,2012-11-26
307266,ciliform teeth,纖毛齒,,2012-11-26
307267,ciliated ring,纖毛輪,,2012-11-26
307268,ciliated groove,纖毛溝,,2012-11-26
307269,ciliated funnel,纖毛漏斗,,2012-11-26
307270,ciliated epithelium,纖毛上皮,,2012-11-26
307271,ciliated chamber,纖毛室,,2012-11-26
307272,ciliated cell,纖毛細胞,,2012-11-26
307273,ciliated band,纖毛帶,,2012-11-26
307274,ciliated,纖毛的,,2012-11-26
307275,CILIATA,纖毛綱,,2012-11-26
307276,ciliary zonule,睫帶,,2012-11-26
307277,ciliary process,睫突,,2012-11-26
307278,ciliary part of retina,網膜睫部,,2012-11-26
307279,ciliary nerve,睫神經,,2012-11-26
307280,ciliary muscle,睫狀肌,,2012-11-26
307281,ciliary movement,纖毛運動,,2012-11-26
307282,ciliary margin; ciliary border,睫緣,,2012-11-26
307283,ciliary gland; glandula ciliaris,睫腺,,2012-11-26
307284,ciliary ganglion,睫狀神經結,,2012-11-26
307285,ciliary feeding,纖毛攝食法,,2012-11-26
307286,ciliary epipharyngeal groove,咽上纖毛溝,,2012-11-26
307287,ciliary disk (=disc); ciliary ring,睫環；睫盤；纖毛盤,,2012-11-26
307288,ciliary crown,睫狀冠,,2012-11-26
307289,ciliary body,纖毛體；睫體,,2012-11-26
307290,ciliary apparatus,睫狀器；睫狀體,,2012-11-26
307291,ciliary,纖毛的；毛狀的;睫毛的,,2012-11-26
307292,cilium (pl. cilia),纖毛；睫毛,,2012-11-26
307293,CIDAROIDEA,大棘海膽目；平冠海膽目,,2012-11-26
307294,CICONIIFORMES,鸛形目,,2012-11-26
307295,Ciconia ciconia ,白鸛,,2012-11-26
307296,CICINDELIDAE,斑螯科,,2012-11-26
307297,CICHLIDAE,麗魚科,,2012-11-26
307298,cicatrix (pl. -ices); cicatricle; cicatricula,瘢痕；卵斑,,2012-11-26
307299,Cicadula sexnotata  Fallén,六點葉蟬,,2020-03-11
307300,CICADIDAE,蟬科,,2012-11-26
307301,CICADELLIDAE,浮塵子科,,2012-11-26
307302,cicada,蟬,,2012-11-26
307303,Chytrids,壺菌類,,2012-11-26
307304,chymotrypsinogen,胰凝乳酶原,,2012-11-26
307305,chymotrypsin,胰凝乳酶,,2012-11-26
307306,chymosin; rennin,凝乳酶,,2012-11-26
307307,chyme; chymus,食糜,,2012-11-26
307308,chylomicron,乳糜微粒,,2012-11-26
307309,chyliferous duct,乳糜管,,2012-11-26
307310,chyle; chylus,乳糜,,2012-11-26
307311,chyle stomach,乳糜胃,,2012-11-26
307312,chyle duct; lacteal,乳糜管,,2012-11-26
307313,Chuckwalla,脹身鬣蜥,,2020-03-11
307314,CHRYSOPIDAE,草蜻蛉科,,2012-11-26
307315,Chrysophrys major ,嘉蠟魚；真金鯛,,2012-11-26
307316,Chrysopalax trevelyani ,馬來月鼠,,2012-11-26
307317,Chrysopalax ,月鼠（屬）,,2012-11-26
307318,Chrysomphalus aurantii  Maskell,紅圓介殼蟲,,2012-11-26
307319,Chrysomphalus aonidum  (Linnaeus),褐圓介殼蟲,,2012-11-26
307320,CHRYSOMONADINA,金鞭目,,2012-11-26
307321,CHRYSOMELIDAE,金花蟲科,,2012-11-26
307322,Chrysocyon brachyurus ,鬃狼,,2012-11-26
307323,Chrysocyon ,鬃狼（屬）,,2012-11-26
307324,Chrysocoris grandis  (Thunberg),油桐大椿象,,2012-11-26
307325,CHRYSOCHLORIDAE,金鼴科,,2012-11-26
307326,Chrysiptera starcki ,史氏刻齒雀鯛,,2012-11-26
307327,Chrysiptera rex ,勒克斯刻齒雀鯛,,2012-11-26
307328,Chrysiptera leucopoma ,白帶齒雀鯛,,2012-11-26
307329,CHRYSIDIDAE,青蜂科,,2012-11-26
307330,Chrysemys ,金龜（屬）,,2012-11-26
307331,chrysalis,金蛹,,2012-11-26
307332,chronometry,記時法,,2012-11-26
307333,chronology,紀年學；生物紀（年代）年學,,2012-11-26
307334,chronocline,年代差型,,2012-11-26
307335,chronic infections,慢性傳染,,2012-11-26
307336,chronic disease,慢性病,,2012-11-26
307337,chronic carrier,慢性帶菌者,,2012-11-26
307338,chronic,慢性的,,2012-11-26
307339,chronaximeter; chronaxy; chronaxie,時值計；時值,,2012-11-26
307340,chronaxie; chronaxy,時值,,2012-11-26
307341,chromosome translocation,染色體移位,,2012-11-26
307342,chromosome ring,染色體環,,2012-11-26
307343,chromosome puffs,染色體疏鬆帶,,2012-11-26
307344,chromosome map,染色體區域圖,,2012-11-26
307345,chromosome deletion,染色體丟失,,2012-11-26
307346,chromosome cycle,染色體周期,,2012-11-26
307347,chromosome behavior,染色體動態,,2012-11-26
307348,chromosome arm,染色體臂,,2012-11-26
307349,chromosome,染色體,,2012-11-26
307350,chromosomal vesicle; karyomere,染色體泡,,2012-11-26
307351,chromosomal rearrangement,染色體重排,,2012-11-26
307352,chromosomal mutation,染色體突變,,2012-11-26
307353,chromosomal fiber,染色體絲,,2012-11-26
307354,chromosomal elimination,染色體消失,,2012-11-26
307355,chromosomal aberration,染色體畸變,,2012-11-26
307356,chromosomal,染色體的,,2012-11-26
307357,chromoscope,色覺檢查器,,2012-11-26
307358,chromoradiometer,光驗色計,,2012-11-26
307359,chromoprotein,色蛋白,,2012-11-26
307360,chromoplast,雜色體,,2012-11-26
307361,chromophobe; chromaphobe,厭色性,,2012-11-26
307362,chromophobe cell,難染細胞,,2012-11-26
307363,chromophilous; chromophil; chromaphil,喜色性,,2012-11-26
307364,chromonema (pl. -nemate),染色絲,,2012-11-26
307365,chromometry,比色法,,2012-11-26
307366,chromomeres,染色小粒,,2012-11-26
307367,chromogranin,染色顆粒素,,2012-11-26
307368,chromogenic bacteria,產色菌；色原細菌,,2012-11-26
307369,chromogen,色素原,,2012-11-26
307370,chromocytometer,血色素計,,2012-11-26
307371,chromocenter,染色中心,,2012-11-26
307372,Chromis weberi ,魏氏光鰓魚,,2012-11-26
307373,Chromis margaritifer ,二色光鰓魚,,2012-11-26
307374,Chromis fumea ,帶尾光鰓魚,,2012-11-26
307375,Chromis atripectoralis ,黑腋光鰓魚,,2012-11-26
307376,Chromis analis ,黑臀光鰓魚,,2012-11-26
307377,chromidium (pl. -dia),核外染色體,,2012-11-26
307378,chromidiosome,胞質染色粒,,2012-11-26
307379,chromidial substance,胞質染色質,,2012-11-26
307380,chromatophore,色素細胞,,2012-11-26
307381,chromatophil; chromatophilous,嗜色的；易染的,,2012-11-26
307382,Chromatomyia horticola  (Gouraeu),豌豆葉潜蠅；韭潜蠅,,2012-11-26
307383,chromatometer,色度計,,2012-11-26
307384,chromatolysis,色原溶解,,2012-11-26
307385,chromatoid body,擬染色體,,2012-11-26
307386,chromatography,色析法,,2012-11-26
307387,chromatocyte,色素細胞,,2012-11-26
307388,chromatin network,染色質網,,2012-11-26
307389,chromatin granules,染色質粒,,2012-11-26
307390,chromatin,染色質,,2012-11-26
307391,chromatid reunion,染色分體復合,,2012-11-26
307392,chromatid non-disjunction,染色分體不分離,,2012-11-26
307393,chromatid interchange,染色分體互換,,2012-11-26
307394,chromatid break,染色分體破裂,,2012-11-26
307395,chromatid,染色分體,,2012-11-26
307396,chromatic thread,染色質絲,,2012-11-26
307397,chromatic sphere,染色質球,,2012-11-26
307398,chromatic granule,染色質粒,,2012-11-26
307399,chromatic apparatus,染色質器,,2012-11-26
307400,chromatic aberration,色像差,,2012-11-26
307401,chromatic,染色質的；色像的,,2012-11-26
307402,chromaphil system,親鉻系,,2012-11-26
307403,chromaphil cells,親鉻細胞,,2012-11-26
307404,chromaphil bodies,親鉻體,,2012-11-26
307405,chromaffin tissue,嗜鉻組織,,2012-11-26
307406,chromaffin cell,嗜鉻細胞,,2012-11-26
307407,chromaffin; chromaphil,親鉻性,,2012-11-26
307408,CHROMADORIDA,克羅麥目；短食道目,,2012-11-26
307409,chorology,生物地理學；生物分佈學,,2012-11-26
307410,choroinic villi sampling,絨（毛）膜絨毛取樣,,2012-11-26
307411,choroid,絨膜；絨毛膜；脈絡膜,,2020-03-18
307412,choroid plexus,脈絡叢,,2012-11-26
307413,choroid coat; of eye,眼球脈絡膜,,2012-11-26
307414,chormatin nucleolus,染色質仁,,2012-11-26
307415,chorium,革片,,2012-11-26
307416,choristoma,迷離瘤；迷芽瘤,,2012-11-26
307417,chorisis,重複染色體,,2020-03-11
307418,chorionin,卵殼素,,2012-11-26
307419,chorionic villi,滋胚層絨毛,,2012-11-26
307420,chorionic thyrotropin,絨毛（膜）甲狀腺促素,,2012-11-26
307421,chorionic somatomammotropin,絨毛（膜）體乳促素,,2012-11-26
307422,chorionic mesoderm,絨膜中胚層,,2012-11-26
307423,chorionic membrane; chorion,絨膜；第二卵膜；絨毛膜,,2012-11-26
307424,chorionic gonadotropin,絨毛促性腺激素,,2012-11-26
307425,chorionic gonadotropic hormone,絨膜性腺激素,,2012-11-26
307426,chorionic circulation,絨膜循環；絨毛膜循環,,2012-11-26
307427,chorionic,絨膜的,,2012-11-26
307428,chorion villosum,葉狀絨膜；葉狀絨毛膜,,2020-03-19
307429,chorion laeve,平滑絨膜；平滑絨毛膜,,2020-03-19
307430,chorion frondosum,葉狀絨膜；葉狀絨毛膜,,2020-03-19
307431,chorion avillosum,平滑絨膜；平滑絨毛膜,,2020-03-19
307432,chorion (pl. -ria),絨膜；第二卵膜；絨毛膜,,2012-11-26
307433,chorioiditis,絨膜炎,,2012-11-26
307434,chorioidea allantois,尿囊絨膜；尿囊脈絡膜,,2012-11-26
307435,chorioid,絨膜；絨毛膜；脈絡膜,,2020-03-18
307436,chorioid tela,脈絡組織,,2012-11-26
307437,chorioid plexus,脈膜叢；絨絡叢,,2012-11-26
307438,chorioid gland,脈膜腺；絨絡腺,,2012-11-26
307439,chorioid fissure,脈膜溝；絨絡溝,,2012-11-26
307440,chorioamniotic fold,絨羊膜褶,,2012-11-26
307441,chorio-amnion,絨羊膜,,2012-11-26
307442,chorio-allantois,尿囊絨毛膜,,2012-11-26
307443,chorioallantoic membrane,尿囊絨毛膜,,2012-11-26
307444,choriheterosis,異核優勢,,2012-11-26
307445,choriamniotic raphe,絨羊膜脊,,2012-11-26
307446,choreoathetosis,舞蹈指痙病,,2012-11-26
307447,chorea,舞蹈病,,2012-11-26
307448,chordotonal organ,弦音器；弦振器,,2012-11-26
307449,chordotonal ligament,弦音韌帶,,2012-11-26
307450,chordotonal,弦音的,,2012-11-26
307451,CHORDONIA; CHORDATA,脊索動物,,2012-11-26
307452,chordocentrous vertebrae,索椎；索體椎,,2012-11-26
307453,chorditis,聲帶炎；精索炎,,2012-11-26
307454,Chordeiles minor ,美洲夜鷹,,2012-11-26
307455,Chordates,脊索動物,,2012-11-26
307456,CHORDATA,脊索動物門,,2012-11-26
307457,chorda-neural crescent,脊索神經新月區,,2012-11-26
307458,chorda-mesoderm,脊索中胚層,,2012-11-26
307459,chorda,帶；索,,2012-11-26
307460,chordal centrum,索椎體；索形椎體,,2012-11-26
307461,CHONOTRICHA,瓶毛目,,2012-11-26
307462,chondro-sternal articulation,軟骨胸關節；【骨+危】胸關節,,2012-11-26
307463,CHONDROSTEIDAE,軟骨硬鱗魚科,,2012-11-26
307464,chondrosome; chondriosome,粒線體,,2012-11-26
307465,chondrosis,軟骨形成,,2012-11-26
307466,chondrosin,軟骨膠糖,,2012-11-26
307467,chondrosarcoma,軟骨肉瘤,,2012-11-26
307468,chondrosamine; galactosamine,軟骨胺,,2012-11-26
307469,chondromucin,軟骨粘液素,,2012-11-26
307470,chondromite; chondriomite,粒線體,,2012-11-26
307471,chondroma,軟骨癌,,2012-11-26
307472,chondroitin sulfate,硫酸軟骨膠,,2012-11-26
307473,chondrodystrophy,軟骨營養不良,,2012-11-26
307474,Chondrodactylus angulifer,粒趾壁虎,,2020-03-18
307475,chondrocyte,軟骨細胞,,2012-11-26
307476,chondrocranium,軟顱,,2012-11-26
307477,chondrocalcinosis,軟骨鈣質沈著病,,2012-11-26
307478,CHONDROBRACHII; ATELEOPIDA,軟腕目,,2012-11-26
307479,chondriomite; chondrosome,粒線體,,2012-11-26
307480,chondriomere; chondromere,粒線體區,,2012-11-26
307481,chondriokinesis,粒線體分裂,,2012-11-26
307482,chondrioitin,軟骨素,,2012-11-26
307483,chondriocont; chondrocont,桿線體,,2012-11-26
307484,chondrioclast; chondroclast,蝕軟骨細胞,,2012-11-26
307485,chondrioblast; chondroblast,軟骨母細胞,,2012-11-26
307486,chondrin,軟骨膠,,2012-11-26
307487,chondrification,軟骨化（作用）,,2012-11-26
307488,CHONDRICHTHYES; CHONDROPTERYGII,軟骨魚網,,2012-11-26
307489,chondral ossification,[骨危]內骨化；軟骨內骨化,,2012-11-26
307490,chololith,膽石,,2012-11-26
307491,Choloepus didactylus ,二趾樹懶,,2012-11-26
307492,Choloepus ,二趾樹懶（屬）,,2012-11-26
307493,cholinesterase,膽鹼酯酶,,2012-11-26
307494,cholinergic neurons,膽鹼能神經元,,2012-11-26
307495,cholinergic nerve fibers,膽鹼性神經纖維,,2012-11-26
307496,cholinergic,膽鹼能；膽鹼激導性,,2012-11-26
307497,cholineacetyltransferase,膽鹼乙醯轉移酶,,2012-11-26
307498,choline esterase,膽鹼酯酶,,2012-11-26
307499,choline,膽鹼,,2012-11-26
307500,cholic acid; cholanic acid,膽汁酸；膽酸,,2012-11-26
307501,cholesterol desmolase complex deficiency,膽固醇碳鏈酶複合體缺乏,,2012-11-26
307502,cholesterol desmolase complex defect,膽固醇碳鏈酶複合體缺陷,,2012-11-26
307503,cholesterol 20α-hydroxylase deficiency,膽固醇20α羥酶缺乏,,2012-11-26
307504,cholesterin; cholesterol,膽固醇,,2012-11-26
307505,choleric temperament,膽汁質,,2012-11-26
307506,cholera,霍亂,,2012-11-26
307507,cholelithiasis,膽石症,,2012-11-26
307508,cholehemia,膽血症,,2012-11-26
307509,choleglobin,膽球蛋白,,2012-11-26
307510,choledochus,膽管,,2020-03-19
307511,choledochal duct,膽管,,2020-03-19
307512,cholecystokinin-pancreozymin (CCKPZ),激膽胰酶素,,2012-11-26
307513,cholecystokinin,膽囊收縮激素,,2012-11-26
307514,cholecystis,膽囊,,2020-03-11
307515,cholecyst,膽囊,,2020-03-11
307516,cholecalciferol,膽沉鈣醇,,2012-11-26
307517,cholanic acid; cholalic acid; cholic acid,膽汁酸；膽酸,,2012-11-26
307518,cholangitis,膽管炎,,2012-11-26
307519,choking,窒息,,2012-11-26
307520,choke,窒息；氣哽,,2012-11-26
307521,Choeropsis liberiensis ,侏儒河馬,,2012-11-26
307522,Choerodon azurio ,寒鯛；楔斑豬齒魚,,2012-11-26
307523,Choanoflagellate,領鞭蟲類,,2012-11-26
307524,CHOANOFLAGELLATA,領鞭目,,2012-11-26
307525,choanocyte; collar cell,領細胞,,2012-11-26
307526,CHOANICHTHYES,內鼻孔魚類（亞綱）,,2012-11-26
307527,choana (pl. -nae),內鼻孔；後鼻孔,,2012-11-26
307528,Chlumetia transversa  (Walker),芒果螟蛾,,2012-11-26
307529,Chlorurus microrhinos ,小鼻鸚哥魚,,2012-11-26
307530,chlorpropamide,綠礦丙尿素,,2012-11-26
307531,chlorpromazine,酚塞素,,2012-11-26
307532,chloroquine,氯化奎寧,,2012-11-26
307533,CHLOROPSEIDAE,葉鵯科,,2012-11-26
307534,chloroplast,葉綠體,,2012-11-26
307535,CHLOROPIDAE,黃潛蠅科,,2012-11-26
307536,chlorophyll,葉綠素,,2012-11-26
307537,Chlorophthalmus acutifrons ,尖吻青眼魚,,2012-11-26
307538,CHLOROPHTHALMIDAE,青眼魚科,,2012-11-26
307539,chloromycetin,氯黴素,,2012-11-26
307540,chloroflurocarbons,氯氟化碳,,2012-11-26
307541,chlorocruosin,血綠素,,2012-11-26
307542,Chlorita formosana  Paoli; Empoasca flavescens  (Fabricius),花生小綠葉蟬；茶小綠葉蟬,,2012-11-26
307543,chlorine,氯,,2012-11-26
307544,chloride shift,氯轉置,,2012-11-26
307545,chloride ions,氯離子,,2012-11-26
307546,chloratone; chlorbutanol,氯丁醇,,2012-11-26
307547,chloramine-T,氯胺防腐液,,2012-11-26
307548,chloragogue cells,黃色細胞,,2020-03-18
307549,chloragen cells,黃色細胞,,2020-03-18
307550,Chlopsis taiwanensis ,台灣草鰻,,2012-11-26
307551,Chlamyphorus truncatus ,小鎧鼴,,2012-11-26
307552,Chlamyphorus ,小鎧鼴（屬）,,2012-11-26
307553,CHLAMYDOSELACHIDAE,皺鰓鯊科,,2012-11-26
307554,chlamydia,衣原體；披衣菌,,2012-11-26
307555,chitons,石鼈,,2012-11-26
307556,CHITONIDAE,石鼈科,,2012-11-26
307557,chitinous,幾丁質的；角質的,,2012-11-26
307558,chitin,幾丁質；角質,,2012-11-26
307559,CHIROPTERA,翼手目,,2012-11-26
307560,Chiropotes albinasus ,白鼻粗尾猴,,2012-11-26
307561,CHIRONOMIDAE,搖蚊科,,2012-11-26
307562,CHIRONEMIDAE,絲鰭[魚翁]科,,2012-11-26
307563,CHIRODONTIDAE,掌齒魚科,,2012-11-26
307564,Chirocentrus dorab ,寶刀魚,,2012-11-26
307565,CHIROCENTRIDAE,寶刀魚科,,2012-11-26
307566,Chirixalus idiootocus,面天樹蛙,,2020-03-06
307567,Chirixalus eiffingeri,艾氏樹蛙,,2020-03-19
307568,chipmunk,花栗鼠,,2012-11-26
307569,chionophilous,喜雪的,,2012-11-26
307570,Chioninae,鬼簾蛤亞科,,2012-11-26
307571,CHIONIDAE,鞘嘴鷗科,,2012-11-26
307572,CHIOLOPODA,唇足網,,2012-11-26
307573,chinphobous,厭雪的,,2012-11-26
307574,chinook,齊奴克魚,,2012-11-26
307575,Chinese Water Snake; Enhydris chinensis ,唐水蛇,,2012-11-26
307576,Chinese Treefrog,中國樹蟾,,2020-03-11
307577,Chinese Three-keeled Pond Turtle,金龜,,2020-03-13
307578,Chinese stripe-necked turtle,斑龜；中華花龜,,2020-03-06
307579,Chinese Softshell Turtle,中華鱉；甲魚,,2020-03-13
307580,Chinese Skink,中國石龍子,,2020-03-18
307581,Chinese Short-legged Skink,中國光蜥,,2020-03-09
307582,Chinese Rice Paddy Snake; Enhydris chinensis ,唐水蛇,,2012-11-26
307583,Chinese otter,水獺,,2012-11-26
307584,Chinese muntjac,華南麂,,2012-11-26
307585,Chinese leopard cat,石虎,,2012-11-26
307586,Chinese Mountain Pit Viper,阿里山龜殼花,,2020-03-11
307587,Chinese Moccasin; Deinagkistrodon acutus ,百步蛇,,2012-11-26
307588,Chinese mink,華南鼬鼠；黃鼠狼,,2012-11-26
307589,Chinese Many-Tooth Snake,黑頭蛇,,2020-03-13
307590,Chinese lesser civet,麝香貓,,2012-11-26
307591,Chinese land-tortoise,斑龜,,2012-11-26
307592,Chinese Habu; Trimeresurus mucrosquamatus ,龜殼花,,2012-11-26
307593,Chinese Green Tree Viper,赤尾青竹絲,,2020-03-09
307594,Chinese Goshawk,赤腹鷹,,2012-11-26
307595,Chinese Forest Skink,中國光蜥,,2020-03-09
307596,Chinese Egret,唐白鷺,,2012-11-26
307597,Chinese Crocodile Lizard,鱷蜥,,2020-03-11
307598,Chinese Crested Tern,黑嘴端鳳頭燕鷗,,2012-11-26
307599,Chinese Cobra,眼鏡蛇；中國眼鏡蛇,,2020-03-06
307600,Chinese Bulbul,白頭翁,,2012-11-26
307601,Chinese brown rat,褐鼠,,2012-11-26
307602,Chinese Ateuchosaurus,光蜥,,2020-03-09
307603,Chinese Alligator,揚子江鱷；中國鱷,,2020-03-18
307604,Chinemys reevesii,金龜,,2020-03-13
307605,CHINCHILLIDAE,粟鼠科,,2012-11-26
307606,Chinchilla lanigera ,絨鼠（長尾栗鼠）,,2012-11-26
307607,Chinchilla brevicaudata ,栗鼠,,2012-11-26
307608,Chinchilla ,絨鼠（屬）,,2012-11-26
307609,China wax; Chinese white wax,蟲白蠟,,2012-11-26
307610,chin; mentum,頦；頤；下巴,,2012-11-26
307611,chimpanzee,黑猩猩,,2012-11-26
307612,chimopelagic plankton,冬季表層浮游生物,,2012-11-26
307613,chimonophilous,冬季發育的,,2012-11-26
307614,chimerism,交移特質；染色體鉗合性；嵌合體,,2012-11-26
307615,chimera,嵌合體,,2012-11-26
307616,Chimarrogale himalayica ,亞洲水鼠,,2012-11-26
307617,CHIMAERIFORMES,銀鮫目,,2012-11-26
307618,CHIMAERIDAE,銀鮫科,,2012-11-26
307619,Chimaeras (Chimaera ),銀鮫；嵌合體；吐火獸,,2012-11-26
307620,Chilotraea infuscatella  (Snellen),二點螟,,2012-11-26
307621,Chilorhinus ,唇鼻鰻（屬）,,2012-11-26
307622,Chilopods,唇足網；多足類,,2012-11-26
307623,Chilonycteris parnellii ,中美髭蝠,,2012-11-26
307624,Chilonycteris ,髭蝠（屬）,,2012-11-26
307625,Chilo suppressalis  (Walker),二化螟,,2012-11-26
307626,Chilo sacchariphagus  stramineellus (Caradja),條螟,,2020-03-09
307627,CHILODONTINAE,唇齒鯉科,,2012-11-26
307628,Chilo auricilius  (Dudgeon); Diatraea auricilius  Dudgeon,台灣稻螟,,2012-11-26
307629,childbirth,分娩,,2012-11-26
307630,childbed fever,產褥熱,,2012-11-26
307631,chilblain,凍瘡,,2020-03-09
307632,chigger mite,恙蟲,,2012-11-26
307633,chief sperm,主精子,,2012-11-26
307634,chief piece,主部,,2012-11-26
307635,chief flexure; primary flexure,原曲,,2012-11-26
307636,chief cell,主細胞,,2012-11-26
307637,chicken pox,水痘,,2020-03-19
307638,CHIASMODONTIDAE,叉齒龍鰧科,,2012-11-26
307639,chiasmatic groove; sulcus chiasmatics,視叉溝,,2012-11-26
307640,chiasmatic (suprasellar) cistern,視束交叉腦池,,2012-11-26
307641,chiasma opticum,視束交叉；視神經交叉,,2012-11-26
307642,chiasma (pl. -mata),交叉,,2012-11-26
307643,Chiari-Frommel syndrome,吉-佛氏症候群；閉塞性肝靜脈內膜炎,,2012-11-26
307644,Cheyne-Stokes respiration,金史二氏呼吸；緊弛呼吸,,2012-11-26
307645,chewing-rasping mouth parts,嚼剉口器,,2012-11-26
307646,chewing stomach,咀嚼胃,,2012-11-26
307647,chewing mouth parts,咀嚼口器,,2012-11-26
307648,chevron bone,人字骨；人字形骨,,2012-11-26
307649,chemotropism,向化性,,2012-11-26
307650,chemothrapeutics; chemothurapy,化學療法,,2012-11-26
307651,chemotaxonomy,化學分類學,,2012-11-26
307652,chemotaxis; chemiotaxis,趨化性,,2012-11-26
307653,chemotactic factor,趨化性因子,,2012-11-26
307654,chemosynthetic autotrophic bacteria; chemoautotrophic bacteria,化合自營菌,,2012-11-26
307655,chemosynthesis,化合（作用）；化學綜合,,2012-11-26
307656,chemoreceptor; chemoceptor,化受器；化感器,,2012-11-26
307657,chemoautotrophs,化合自營菌,,2012-11-26
307658,chemiosmosis,化學滲透,,2012-11-26
307659,chemical transmission,化學的傳遞,,2012-11-26
307660,chemical stimulus,化學性刺激,,2012-11-26
307661,chemical poisoning,化學性中毒,,2012-11-26
307662,chemical nephrosis,化學性腎病,,2012-11-26
307663,chemical mutagen,化學突變原,,2012-11-26
307664,chemical injuring,化學傷害,,2012-11-26
307665,chemical evolution,化學進化,,2012-11-26
307666,chemical equilibrium,化學平衡,,2012-11-26
307667,chemical environment,化學性環境,,2012-11-26
307668,chemical energy,化學能,,2012-11-26
307669,chemical embryology,化學胚胎學,,2012-11-26
307670,chemical element,化學元素,,2012-11-26
307671,chemical ecology,化學生態系,,2012-11-26
307672,chemical differentiation,化學分化,,2012-11-26
307673,chemical correlation,化學性關聯,,2012-11-26
307674,chemical control,化學防治,,2012-11-26
307675,chemical asphyxiants,化學性窒息,,2012-11-26
307676,CHELYIDAE,蛇頸龜科,,2012-11-26
307677,CHELYDRIDAE,鱷龜科,,2012-11-26
307678,Chelydra serpentina,平板鱷龜,,2020-03-09
307679,Chelus fimbriata,楓葉龜,,2020-03-06
307680,CHELONIIDAE,蠵龜科；海龜科,,2012-11-26
307681,Chelonia mydas,綠蠵龜,,2020-03-11
307682,Chelonia mydas japonica ,綠蠵龜,,2012-11-26
307683,CHELONIA,龜鱉目,,2020-03-09
307684,Chelodina novaeguineae ; New Guinea Long-Necked Turtle,新幾內亞蛇頸龜,,2012-11-26
307685,cheliped,螯足,,2012-11-26
307686,cheliform,螯形的,,2012-11-26
307687,cheliferous; cheliferus; chelate,具螯的,,2012-11-26
307688,Chelidoperca hirundinacea ,小花鱸,,2012-11-26
307689,Chelidonichthys spinosus ,黑角魚；棘綠鰭魚,,2012-11-26
307690,CHELIDAE,蛇頸龜科,,2012-11-26
307691,CHELICERATA,鋏角亞門,,2012-11-26
307692,chelicera (pl. -rae),鋏角；螯角,,2012-11-26
307693,chela (pl. -lae),鉤爪；倒鉤針骨；鉗螯,,2012-11-26
307694,Cheirotonus macleayi formosanus  Ohaus,台灣長臂金龜,,2012-11-26
307695,cheiropterygium (pl. -gia),獸肢型,,2012-11-26
307696,CHEIROLEDPIDIDAE,足鱗魚科,,2012-11-26
307697,Cheirogaleus trichotis ,毛耳侏儒狐猴,,2012-11-26
307698,Cheirogaleus medius ,粗尾侏儒狐猴,,2012-11-26
307699,Cheirogaleus major ,（大）侏儒狐猴,,2012-11-26
307700,Cheirogaleus ,侏儒狐猴（屬）,,2012-11-26
307701,CHEIROGALEIDAE,侏儒狐猴科,,2012-11-26
307702,cheiroarthropathy,手關節病變,,2012-11-26
307703,CHEIMARRHICHTHYIDAE,冬鰧科,,2012-11-26
307704,CHEILOSTOMATA,唇門目,,2012-11-26
307705,CHEILODACTYLIDAE,唇指[魚翁]科,,2012-11-26
307706,CHEILOBRANCHIDAE,唇鰓鱔科,,2012-11-26
307707,Cheilinus unifasciatus ,單帶唇魚,,2012-11-26
307708,Cheilinus diagrammus ,雙線鸚鯛；雙線唇魚,,2012-11-26
307709,Cheilinae,短鸚鯛亞科；唇魚亞科,,2012-11-26
307710,cheetah,獵豹,,2012-11-26
307711,cheek tooth,頰齒,,2012-11-26
307712,cheek pouch,頰囊,,2012-11-26
307713,cheek plate,顴板,,2012-11-26
307714,cheek muscle,頰肌,,2012-11-26
307715,cheek groove,頰溝,,2012-11-26
307716,cheek,頰,,2012-11-26
307717,Checkered Keelback,草花蛇,,2020-03-11
307718,Checkerboard Worm Lizard,棋盤蚓蜥,,2020-03-09
307719,check ligament; alar ligament,翼狀韌帶,,2012-11-26
307720,check cross,求證反交,,2012-11-26
307721,cheating coloration,偽裝色,,2012-11-26
307722,CHAUNACIDAE,單棘躄魚科,,2012-11-26
307723,CHAULIODONTIDAE,齒魚科；蝰魚科,,2012-11-26
307724,CHAUDHURIIDAE,鰻鰍科,,2012-11-26
307725,CHAUDHURIDA,擬棘鰍目,,2012-11-26
307726,Chasmistes cujus ,貴玉屈魚；丘裂鰭亞口魚,,2012-11-26
307727,Chasmatosaurus ,廣口蜥（屬）,,2012-11-26
307728,chars,斑鮭,,2012-11-26
307729,Charina trivirgata ,玫瑰兩頭沙蚺,,2012-11-26
307730,charged particle,帶電粒子,,2012-11-26
307731,Charadrius leschenaultii ,鐵嘴鴴,,2012-11-26
307732,Charadrius dubius ,小環頸鴴,,2012-11-26
307733,CHARADRIIFORMES,鷸形目,,2012-11-26
307734,CHARADRIIDAE,鴴科,,2012-11-26
307735,characteristic species,典型種,,2012-11-26
307736,character gradient,性狀變異梯度,,2012-11-26
307737,character displacement,形質置換,,2012-11-26
307738,CHARACIFORMES,脂鯉目,,2012-11-26
307739,CHARACIDIIDAE,槍頭鮭鯉科,,2012-11-26
307740,CHARACIDAE,鮭鯉科；脂鯉科,,2012-11-26
307741,Chanos chanos ,虱目魚,,2012-11-26
307742,CHANNIDAE,（烏）鱧科,,2012-11-26
307743,CHANNICHTHYIDAE,冰魚科,,2012-11-26
307744,channels; intracellular,細胞內溝道,,2012-11-26
307745,channel blocker,通道阻斷劑,,2012-11-26
307746,Channa maculata ,鱧魚,,2012-11-26
307747,Channa gachua ,寬額鱧,,2012-11-26
307748,Channa asiatica ,七星鱧,,2012-11-26
307749,CHANIDAE,（遮）虱目魚科,,2012-11-26
307750,change of dominance,顯性轉換,,2012-11-26
307751,CHANDIDAE (=AMBASSIDAE),玻璃魚科；雙邊魚科,,2012-11-26
307752,chancre,下疳,,2012-11-26
307753,character,特徵；形質,,2012-11-26
307754,CHAMPSODONTIDAE,鱷齒魚科,,2012-11-26
307755,chamois,山羚,,2012-11-26
307756,CHAMOIDEA,猿頭蛤超科；偏口蛤超科,,2012-11-26
307757,CHAMIDAE,猿頭蛤科；偏口蛤科,,2012-11-26
307758,Chameleons; CHAMELEONTIDAE,變色龍科,,2012-11-26
307759,chameleon,變色蜥；變色龍,,2012-11-26
307760,CHAMAELEONIDAE,避役科,,2012-11-26
307761,Chamaeleo jacksonii,傑克森變色龍,,2020-03-11
307762,Chamaeleo calyptoratus,高冠變色龍,,2020-03-11
307763,chalone,抑素,,2012-11-26
307764,Chalicotheres,砂獷類,,2012-11-26
307765,CHALCIDOIDEA,小蜂首科,,2012-11-26
307766,CHALCIDIDAE,粗腳小蜂科,,2012-11-26
307767,chalaziferous membrane,卵帶膜,,2012-11-26
307768,chalaza (pl. -zae),卵帶；卵繫帶,,2012-11-26
307769,Chalaroderma ,松皮（屬）,,2012-11-26
307770,chain snake,鎖蛇,,2012-11-26
307771,chain ganglia,交感神經結鏈,,2012-11-26
307772,chain behaviour,連串行為,,2012-11-26
307773,Chaetura caudacuta ,針尾雨燕,,2012-11-26
307774,chaetotaxy,毛序；剛毛排列法,,2012-11-26
307775,chaetosema,毛隆,,2012-11-26
307776,chaetophorous,具鬃的,,2012-11-26
307777,CHAETONOTOIDEA,棘背綱,,2012-11-26
307778,CHAETOGNATHA,毛頜動物門,,2012-11-26
307779,CHAETODONTIDAE,蝴蝶魚科,,2012-11-26
307780,Chaetodon lunula ,月斑蝶魚；月斑蝴蝶魚,,2012-11-26
307781,chaetiferous; chaetigerous; setigerous,具剛毛的,,2012-11-26
307782,chaeta (pl. -tae); seta,剛毛,,2012-11-26
307783,Chaeropus ecaudatus ,豬趾袋狸,,2012-11-26
307784,CHAENOPSIDAE,煙骨【魚+尉】科；梭【魚+尉】科,,2012-11-26
307785,CHAENICHTHYIDAE,帶魚腭科；冰魚科,,2012-11-26
307786,CHACIDAE,連尾鮡科；毛鯰科,,2012-11-26
307787,CGRP (calcitonin gene-related peptide),抑鈣素基因-系胜肽,,2012-11-26
307788,CF0-CF1 complex,CF0-CF1 複合體,,2012-11-26
307789,Cevus apella ,褐捲尾猴,,2012-11-26
307790,Cevus ,褐捲尾猴（屬）,,2012-11-26
307791,cevitamic acid; ascorbic acid; vitamin C,抗壞血病酸；維生素C,,2012-11-26
307792,cetyl alcohol,鯨臘醇；十六醇,,2012-11-26
307793,Cetunculi,小鯨鯛類,,2012-11-26
307794,Cetoscarus bicolor ,青鸚哥魚,,2012-11-26
307795,CETOPSIDAE,鯨鯰科,,2012-11-26
307796,CETOMIMIFORMES,仿鯨魚目,,2012-11-26
307797,CETOMIMIDAE,鯨頭鯛科；仿鯨魚科,,2012-11-26
307798,CETACEA,鯨目,,2012-11-26
307799,CESTOIDEA,絛蟲綱,,2012-11-26
307800,cestodiasis; taenissis,絛蟲病,,2012-11-26
307801,CESTODARIA; CESTODA MONOZOA,單節亞綱,,2012-11-26
307802,CESTODA; EUCESTODA; CESTODA POLYZOA,多節亞綱,,2012-11-26
307803,cestiform,帶狀的,,2012-11-26
307804,CESTIDA,帶水母目,,2012-11-26
307805,cespiticolous,草棲性,,2012-11-26
307806,Ceryle lugubris lugubris ,山翡翠,,2012-11-26
307807,Cervus unicolor ,水鹿,,2012-11-26
307808,Cervus porcinus ,豚鹿,,2012-11-26
307809,Cervus nippon ,梅花鹿,,2012-11-26
307810,Cervus eldi ,琴角沼鹿；暹羅沼鹿,,2012-11-26
307811,Cervus elaphus bactrianus ,中亞紅鹿,,2012-11-26
307812,Cervus elaphus ,紅鹿；赤鹿；馬鹿,,2012-11-26
307813,Cervus duvaucelii ,沼鹿,,2012-11-26
307814,Cervus dama ,波斯鹿,,2012-11-26
307815,Cervus ,鹿（屬）,,2012-11-26
307816,cervix,頸,,2012-11-26
307817,CERVIDAE,鹿科,,2012-11-26
307818,cervicum; cervix,頸,,2012-11-26
307819,cervicum uteri,子宮頸,,2012-11-26
307820,cervicodorsal fat pad,頸背脂肪墊（水牛峰）,,2012-11-26
307821,cervicobrachial plexus,頸肱神經叢,,2012-11-26
307822,cervical vertebra,頸椎,,2012-11-26
307823,cervical trunk,頸幹,,2012-11-26
307824,cervical trachea,頸氣管,,2012-11-26
307825,cervical sclerate,頸板；頸節片,,2012-11-26
307826,cervical sac,頸部氣囊,,2012-11-26
307827,cervical rib,頸肋,,2012-11-26
307828,cervical pregnancy,子宮頸管妊娠；頸孕,,2012-11-26
307829,cervical plexus,頸部神經叢,,2012-11-26
307830,cervical part of sympathetic system,頸部交感系,,2012-11-26
307831,cervical nerve,頸神經,,2012-11-26
307832,cervical muscle,頸肌,,2012-11-26
307833,cervical groove,頸溝,,2012-11-26
307834,cervical granus cell,腦顆粒細胞,,2012-11-26
307835,cervical gland,子宮頸腺,,2012-11-26
307836,cervical ganglion,頸神經結,,2012-11-26
307837,cervical flexure,頸曲,,2012-11-26
307838,cervical enlargement,頸膨部,,2012-11-26
307839,cervical cutaneous muscle,頸皮肌,,2012-11-26
307840,cervical canal,頸管,,2012-11-26
307841,cervical ampulla,頸泡,,2012-11-26
307842,cervical,頸的；子宮頸的,,2012-11-26
307843,Cervaphis quercus  Takahashi,麻櫟刺蚜,,2012-11-26
307844,CERURIDAE; NOTODONTIDAE,天社蛾科,,2012-11-26
307845,Cerura menciana  Moore,柳天社蛾,,2012-11-26
307846,ceruminous gland,盯矃腺,,2012-11-26
307847,cerumen,盯矃；耳垢,,2012-11-26
307848,ceruloplasmin,血漿銅藍蛋白,,2012-11-26
307849,CERTHIIDAE,旋木雀科,,2012-11-26
307850,cerotic acid,蟲臘酸,,2012-11-26
307851,Ceroplastes rubens  Maskell,紅蠟蟲；紅蠟介殼蟲,,2012-11-26
307852,Ceroplastes pseudoceriferus  Green,角蠟介殼蟲,,2012-11-26
307853,Ceroplastes floridensis  Comstock,龜甲蠟蟲；佛洲蠟蟲,,2012-11-26
307854,Ceroplastes ceriferus  (Anderson),角蠟蟲,,2012-11-26
307855,Ceropithecus diana ,戴安那猴,,2012-11-26
307856,cerophage,食蠟昆蟲,,2012-11-26
307857,CERODONTA,肉齒目,,2012-11-26
307858,Cerocebus galeritus galeritus ,塔那河長尾猴,,2012-11-26
307859,CERITHIOPSIDAE,海蜷科；蟹寓螺科,,2012-11-26
307860,CERITHIOIDEA,蟹守螺超科,,2012-11-26
307861,CERITHIIDAE,蟹守螺科,,2012-11-26
307862,CERIANTHARIA,砂巾著目,,2012-11-26
307863,cerebrum,大腦,,2012-11-26
307864,cerebrovisceral commissure,腦臟連合神經,,2012-11-26
307865,cerebrovascular accident (CVA),腦血管意外病變,,2012-11-26
307866,cerebrospinal membrane,腦脊膜,,2012-11-26
307867,cerebrospinal ganglion,腦脊神經結,,2012-11-26
307868,cerebrospinal fluid,腦脊髓液,,2012-11-26
307869,cerebrospinal canal,腦脊髓溝,,2012-11-26
307870,cerebrospinal artery,腦脊動脈,,2012-11-26
307871,cerebrospinal,腦脊髓的；腦脊的,,2012-11-26
307872,cerebrosides,腦脂醣苷,,2012-11-26
307873,cerebro-pleural ganglion,腦側神經結,,2012-11-26
307874,cerebropedal connective,腦足連合神經,,2012-11-26
307875,cerebron,腦苷脂,,2020-03-11
307876,cerebromeningitis,腦膜炎,,2012-11-26
307877,cerebritis,大腦炎,,2012-11-26
307878,cerebration,腦活動,,2012-11-26
307879,cerebral vesicle,腦胞,,2012-11-26
307880,cerebral vein,大腦靜脈,,2012-11-26
307881,cerebral surface,大腦面,,2012-11-26
307882,cerebral sulcus,大腦溝,,2012-11-26
307883,cerebral softening,腦軟化,,2012-11-26
307884,cerebral pia mater,腦軟膜,,2012-11-26
307885,cerebral peduncle,大腦腳,,2012-11-26
307886,cerebral organ,頭感器,,2012-11-26
307887,cerebral nerve,腦神經,,2012-11-26
307888,cerebral hemorrhage,腦出血,,2012-11-26
307889,cerebral hemisphere,大腦半球,,2012-11-26
307890,cerebral gyrus,大腦迴,,2012-11-26
307891,cerebral granule cell,腦顆粒細胞,,2012-11-26
307892,cerebral ganglion,腦神經結,,2012-11-26
307893,cerebral fossa,大腦窩；中窩,,2012-11-26
307894,cerebral dura mater,腦硬膜,,2012-11-26
307895,cerebral cortex,大腦皮層,,2012-11-26
307896,cerebral commissure,腦聯合,,2012-11-26
307897,cerebral artery,大腦動脈,,2012-11-26
307898,cerebral arhythmia,大腦心律不齊；大腦性無節律,,2012-11-26
307899,cerebral arachnoidea,腦蛛膜,,2012-11-26
307900,cerebellum,小腦,,2012-11-26
307901,cerebello-spinal fasciculus,小腦脊髓束,,2012-11-26
307902,cerebello-olivary fasciculus,小腦橄欖束,,2012-11-26
307903,cerebellitis,小腦炎,,2012-11-26
307904,cerebellar peduncle,小腦腳,,2012-11-26
307905,cerebellar fossa,小腦窩；後窩,,2012-11-26
307906,cerebellar cortex,小腦皮層,,2012-11-26
307907,cerebellar,小腦的,,2012-11-26
307908,cere,蠟膜,,2012-11-26
307909,Cerdocyon thous ,食蟹狐,,2012-11-26
307910,cercus (pl. -cerci); cercopoda cercus analis; cercopoda,尾器；尾毛,,2012-11-26
307911,Cercopithecus aethiops ,草原猴,,2012-11-26
307912,Cercopithecus ,鬚猴（屬）,,2012-11-26
307913,CERCOPITHECIDAE,獼猴科,,2012-11-26
307914,CERCOPIDAE,吹沫蟲科,,2012-11-26
307915,Cercocebus neglectus ,紅額鬚猴,,2012-11-26
307916,Cercocebus ,白眉猴（屬）,,2012-11-26
307917,cercobranchiate,尾鰓,,2012-11-26
307918,cercaria,囊尾蚴；有尾幼蟲；囊尾幼蟲,,2012-11-26
307919,Ceratovacuna lanigera  Zehntner,甘蔗棉蚜蟲,,2012-11-26
307920,ceratotrichium (pl. -chia),角條,,2012-11-26
307921,Ceratotherium sinum ,白犀牛,,2012-11-26
307922,Ceratotherium ,白犀牛（屬）,,2012-11-26
307923,Ceratosaurus ,觭龍（屬）,,2012-11-26
307924,CERATOPSIA,觭龍亞目,,2012-11-26
307925,CERATOPOGONIDAE,糠蚊科,,2012-11-26
307926,CERATOPHYLLIDAE,棘蚤科,,2012-11-26
307927,ceratophaga,食角質昆蟲,,2012-11-26
307928,CERATOMORPHA,犀形亞目；有角亞目,,2012-11-26
307929,ceratohyal,角舌骨；角舌軟骨,,2012-11-26
307930,CERATODONTIMORPHA,角齒肺魚總目,,2012-11-26
307931,CERATODONTIFORMES,角齒肺魚目,,2012-11-26
307932,CERATODONTIDAE,角齒肺魚科,,2012-11-26
307933,CERATODIFORMES,角齒魚目,,2012-11-26
307934,CERATODIDAE,角齒魚科,,2012-11-26
307935,ceratobranchial,角鰓節,,2012-11-26
307936,Ceratitis capitata  (Wiedemann),地中海果實蠅,,2012-11-26
307937,ceratitis,角膜炎,,2012-11-26
307938,CERATIIDAE,角鮟鱇科,,2012-11-26
307939,Ceratasaurus ,角龍（屬）,,2012-11-26
307940,Cerastes cerastes,角蝰,,2020-03-13
307941,ceramide,腦胺,,2012-11-26
307942,CERAMBYCIDAE,天牛科,,2012-11-26
307943,CEPOLOIDEA,赤刀魚總科,,2012-11-26
307944,CEPOLIDAE,赤刀魚科,,2012-11-26
307945,CEPHIDAE,莖蜂科,,2012-11-26
307946,CEPHALOXENIFORMES,異頭魚目,,2012-11-26
307947,cephalothorax,頭胸部,,2012-11-26
307948,cephalotheca,頭鞘,,2012-11-26
307949,cephalostegite,前部（頭胸甲）,,2012-11-26
307950,Cephalopods,頭足類動物,,2012-11-26
307951,CEPHALOPODA,頭足綱,,2012-11-26
307952,Cephalophus sylvicultor ,黃背遁羚,,2012-11-26
307953,Cephalophus jentinki ,珍氏遁羚,,2012-11-26
307954,Cephalophus ,遁羚（屬）,,2012-11-26
307955,CEPHALOPHORA; GASTROPODA,有頭綱,,2012-11-26
307956,cephalopharyngeal skeleton,頭咽骨,,2012-11-26
307957,cephalone,大頭白癡,,2012-11-26
307958,cephalon,頭；頭盾,,2012-11-26
307959,cephalometer,測顱器,,2012-11-26
307960,cephalomere,頭節,,2012-11-26
307961,cephalomenia,倒經,,2012-11-26
307962,CEPHALOIDAE,擬天牛科；長頸蟲科,,2012-11-26
307963,cephalogenesis,頭部成長,,2012-11-26
307964,CEPHALODISCIDA,頭盤蟲目,,2012-11-26
307965,CEPHALODISCA,頭盤蟲目,,2012-11-26
307966,CEPHALOCHORDATA,頭索動物亞門,,2012-11-26
307967,cephalocaudal suture,頭尾溝,,2012-11-26
307968,CEPHALOCARIDA,頭甲亞目,,2012-11-26
307969,cephalobrachial muscle; musclucs cephalobrachialis,頭肱肌,,2012-11-26
307970,cephalization,頭部專化；向中首集,,2012-11-26
307971,cephalin,腦磷脂,,2020-03-13
307972,cephalic vein,頭靜脈,,2012-11-26
307973,cephalic stomodaeum,頭部口道,,2012-11-26
307974,cephalic slit,頭縫,,2012-11-26
307975,cephalic sinus,頭（淋巴）竇,,2012-11-26
307976,cephalic silk gland,頭腺,,2012-11-26
307977,cephalic shield,頭盾,,2012-11-26
307978,cephalic segment,頭節,,2012-11-26
307979,cephalic muscle,頭肌,,2012-11-26
307980,cephalic mesoderm,頭部中胚層,,2012-11-26
307981,cephalic lobe,頭葉,,2012-11-26
307982,cephalic hypochorda,頭底索,,2012-11-26
307983,cephalic heart,頭心,,2012-11-26
307984,cephalic groove,頭溝,,2012-11-26
307985,cephalic gland,頭腺,,2012-11-26
307986,cephalic foramen,後頭孔；枕骨大孔,,2020-03-06
307987,cephalic fold,頭褶,,2012-11-26
307988,cephalic flexure,頭曲,,2012-11-26
307989,cephalic fin,頭鰭,,2012-11-26
307990,cephalic expansion,頭翼,,2012-11-26
307991,cephalic circle,頭節動脈環,,2012-11-26
307992,cephalic chorda,頭索,,2012-11-26
307993,cephalic alae,頭翼膜,,2012-11-26
307994,cephalic,頭的,,2012-11-26
307995,CEPHALASPIDORMORPHI,頭甲魚網,,2012-11-26
307996,CEPHALASPIDOMORPHA,頭盔總目,,2012-11-26
307997,CEPHALASPIDIFORMES,頭甲魚目,,2012-11-26
307998,CEPHALASPIDA,頭盔目,,2020-03-19
307999,CEPHALASIDEA,頭楯目,,2012-11-26
308000,cephalad,向頭端的,,2012-11-26
308001,CEPHALACANTHIDAE,頭甲魚科,,2012-11-26
308002,ceoton,群集交錯帶,,2012-11-26
308003,centrum tendineum,中心腱,,2012-11-26
308004,centrum semiovale,半卵心,,2012-11-26
308005,centrum (pl. -ra),椎體；中心（固體）（植）,,2012-11-26
308006,centrotheca; idiozone,中心鞘,,2012-11-26
308007,centrotaxis,趨中性,,2012-11-26
308008,centrosphere,中心球,,2012-11-26
308009,centrosome,中心體,,2020-03-11
308010,centrosomal fiber,中心體連絲,,2012-11-26
308011,Centrosaurus ,中觭龍（屬）,,2012-11-26
308012,Centropus toulou bengalensis ,番鵑,,2012-11-26
308013,Centropus lignator ,番鵑,,2012-11-26
308014,Centropus bengalensis takatsukasai ,番鵑,,2012-11-26
308015,CENTROPOMIDAE,棘蓋鱸科；鋸蓋魚科,,2012-11-26
308016,centroplast,中心質體,,2012-11-26
308017,centroplasm,中心質,,2012-11-26
308018,CENTROPHRYNIDAE,刺鮟鱇科,,2012-11-26
308019,CENTROPHORIDAE,刺鯊科,,2012-11-26
308020,centromere; kinetochore,中節；著絲點,,2012-11-26
308021,CENTROLOPHIDAE,長鯧科,,2012-11-26
308022,CENTROLENIDAE,瞻星蛙科,,2012-11-26
308023,centrolecithal egg,中黃卵；中心黃卵,,2012-11-26
308024,CENTRODRACO,粗棘蜥[魚街]科,,2012-11-26
308025,centrodesmus; centrodesmose,中心粒連絲,,2012-11-26
308026,CENTRISCIDAE,玻甲魚科；蝦魚科,,2012-11-26
308027,centripetal growth,向心發育,,2012-11-26
308028,centripetal coil,向心圈（結腸）,,2012-11-26
308029,centriol,中心粒；中心小體,,2012-11-26
308030,centrifuge (separator),離心機,,2012-11-26
308031,centrifugation,離心分離,,2012-11-26
308032,centrifugal growth,離心發育,,2012-11-26
308033,centrifugal coil (colon),離心圈（結腸）,,2012-11-26
308034,centrifugal,離心的,,2012-11-26
308035,centricipital,顱頂的,,2012-11-26
308036,CENTRECHINOIDEA,黑海膽目；正形目,,2012-11-26
308037,CENTRARCHIDAE,棘臀魚科,,2012-11-26
308038,centralium (pl. -lia),中央小骨,,2012-11-26
308039,centrale; central bone,中央骨,,2012-11-26
308040,central vein,中央靜脈,,2012-11-26
308041,central tract,中束,,2012-11-26
308042,central tooth,中齒,,2012-11-26
308043,central tissue,中心組織,,2012-11-26
308044,central tarsal bone; os tarsi centrale,中央跗骨,,2012-11-26
308045,central sulcus,中央腦溝,,2012-11-26
308046,central rectrices,中央尾羽,,2012-11-26
308047,central plate,中央板,,2012-11-26
308048,central placenta,中央胎盤,,2012-11-26
308049,central ovarium cavity,卵巢中央腔,,2012-11-26
308050,central nervous system,中樞神經系,,2012-11-26
308051,central fovea,中央窩,,2012-11-26
308052,central foveola,中央小窩,,2012-11-26
308053,central Formosan bay-bellied squirrel,條腹松鼠,,2012-11-26
308054,central dogma,中心法則,,2012-11-26
308055,central chyle vessel,中央乳糜管,,2012-11-26
308056,central cell,中央細胞,,2012-11-26
308057,central canal,中央管；中心管；神經管；髓管,,2012-11-26
308058,central bone; os centrale,中央骨,,2012-11-26
308059,central body,中心體,,2020-03-11
308060,central artery of retina,視網膜中央動脈,,2012-11-26
308061,Central American River Turtle; Dermatechelys mawii ,中美河龜,,2012-11-26
308062,centradesmose; centrodesmus,中心粒連絲,,2012-11-26
308063,CENTRACANTHIDAE,中棘鯛科,,2012-11-26
308064,centipedes,蜈蚣,,2012-11-26
308065,Cenozoic era,新生代,,2012-11-26
308066,cenogenetic metamorphosis; caenogenetic metamorphosis,新生的變態,,2012-11-26
308067,cenogenesis,新生變態,,2020-03-18
308068,cementocyte,堊質母細胞,,2012-11-26
308069,cementoclasia,堊質破細胞,,2012-11-26
308070,cementoblast,堊質原細胞,,2012-11-26
308071,cement reservoir,貯膠囊,,2012-11-26
308072,cement organ,膠粘器,,2012-11-26
308073,cement gland,粘合腺；粘著腺,,2012-11-26
308074,cement,白堊質,,2012-11-26
308075,Celubrinae,黃頜蛇亞科,,2012-11-26
308076,Celsius,攝氏溫度,,2012-11-26
308077,celozoic parasite,體腔寄生物,,2012-11-26
308078,celom; coelom,體腔,,2012-11-26
308079,cellulose,纖維素,,2012-11-26
308080,cellulase,纖維素酶,,2012-11-26
308081,cellulitis,蜂巢組織炎,,2012-11-26
308082,cellular tissue,蜂巢組織,,2012-11-26
308083,cellular slime molds,細胞狀黏菌,,2012-11-26
308084,cellular sheath,細胞護鞘,,2012-11-26
308085,cellular respiration,細胞呼吸,,2012-11-26
308086,cellular fission,細胞分裂,,2012-11-26
308087,cellular exudate,細胞滲出液,,2012-11-26
308088,cellular differentiation,細胞分化,,2012-11-26
308089,cellular control mechanism,細胞控制機轉,,2012-11-26
308090,cellobiose,纖維雙醣,,2012-11-26
308091,cellobiase,纖維雙醣酶,,2012-11-26
308092,cell-mediated immunity (CMI),細胞媒介免疫,,2012-11-26
308093,cell-mediated immune response,細胞中介免疫反應,,2012-11-26
308094,cell-free extracts,無細胞抽出物,,2012-11-26
308095,cell wall,細胞壁,,2012-11-26
308096,cell turgidity,細胞膨壓,,2012-11-26
308097,cell theory,細胞學說,,2012-11-26
308098,cell sap; cytolymph; enchylema,細胞液,,2012-11-26
308099,cell rosette,細胞蓮座；花朵狀細胞集團,,2012-11-26
308100,cell plate,細胞板,,2012-11-26
308101,cell physiology,細胞生理學,,2012-11-26
308102,cell organ,胞器,,2012-11-26
308103,cell multiplication,細胞增殖,,2012-11-26
308104,cell migration,細胞移動,,2012-11-26
308105,cell metabolism,細胞代謝,,2012-11-26
308106,cell membrane,細胞膜,,2012-11-26
308107,cell mass,細胞塊,,2012-11-26
308108,cell lineage,細胞系,,2012-11-26
308109,cell layer,細胞層,,2012-11-26
308110,cell junction,細胞接合,,2012-11-26
308111,cell inclusion,胞涵物,,2012-11-26
308112,cell fusion,細胞融合,,2012-11-26
308113,cell fractionation,細胞離拆,,2012-11-26
308114,cell family,細胞集團,,2012-11-26
308115,cell enlargement,細胞長成,,2012-11-26
308116,cell elongation,細胞加長,,2012-11-26
308117,cell ecology,細胞生態學,,2012-11-26
308118,cell division,細胞分裂,,2012-11-26
308119,cell dissociation,細胞分離,,2012-11-26
308120,cell differentiation,細胞分化,,2012-11-26
308121,cell death,細胞死亡,,2012-11-26
308122,cell cycle,細胞週期,,2012-11-26
308123,cell culture,細胞培養,,2012-11-26
308124,cell constancy,細胞常數,,2012-11-26
308125,cell center,分裂中心；細胞中心,,2012-11-26
308126,cell cavity,細胞腔,,2012-11-26
308127,cell body of neuron,神經元細胞體,,2012-11-26
308128,cell body,細胞體,,2012-11-26
308129,cell biology,細胞生物學,,2012-11-26
308130,cell antigen,細胞抗原,,2012-11-26
308131,cell aggregation,細胞集合,,2012-11-26
308132,cell,細胞,,2012-11-26
308133,celiac ganglion,腹腔神經節,,2012-11-26
308134,celiac,腹的,,2012-11-26
308135,cecum,盲腸,,2012-11-26
308136,cecropia moth,蠶蛾,,2012-11-26
308137,CECIDOMYIIDAE,癭蠅科,,2012-11-26
308138,CEBIDAE,捲尾猴科,,2012-11-26
308139,C-DNA; compliment-DNA,互補DNA,,2012-11-26
308140,CCAH (cogenital adrenal hyperplasis),先天性腎上腺增生,,2012-11-26
308141,CAVOLINIDAE,駝蝶螺科；有孔螺科,,2012-11-26
308142,cavity of uterus,子宮腔,,2012-11-26
308143,cavity of larynx,喉腔,,2012-11-26
308144,cavitas; cavity; cavum,腔；窩；洞,,2012-11-26
308145,cavitas glenoidalis,關節窩,,2012-11-26
308146,CAVIOMORPHA,豚鼠亞目,,2012-11-26
308147,CAVIIDAE,豚鼠科,,2012-11-26
308148,Cavia aperea ,天竺鼠,,2012-11-26
308149,Cavia ,豚鼠（屬）,,2012-11-26
308150,cavernous urethra,尿道海綿體,,2012-11-26
308151,cavernous tuberculosis,空洞性結核病,,2012-11-26
308152,cavernous tissue,海綿組織,,2012-11-26
308153,cavernous sinus,海綿竇,,2012-11-26
308154,cavernous plexus,海綿神經叢,,2012-11-26
308155,cavernous bodies,海綿體；陰莖,,2012-11-26
308156,cavernous,海綿狀的；多孔的,,2012-11-26
308157,cavernicolous,穴棲的,,2012-11-26
308158,Cavelerius saccharivorus  (Okajima),小翅椿象；短翅椿象,,2020-03-09
308159,cave painting,洞穴繪畫,,2012-11-26
308160,cave fauna,洞穴動物相,,2012-11-26
308161,CAULOPHRYNIDAE,柄鰭鮟鱇科；莖角鮟鱇科,,2012-11-26
308162,caudofemoralis muscle,尾股肌,,2012-11-26
308163,caudineural,後髓節,,2012-11-26
308164,caudihaemal,後脈節,,2012-11-26
308165,caudatolenticular,尾巢豆狀巢的,,2012-11-26
308166,caudate process,尾葉突,,2012-11-26
308167,caudate nucleus; nucleus caudatus,尾巢；尾核,,2012-11-26
308168,caudate lobe,尾葉,,2012-11-26
308169,caudate,有尾的；尾狀的,,2012-11-26
308170,caudata ligament; hepato-renal ligament,尾韌帶；肝腎韌帶,,2012-11-26
308171,CAUDATA,有尾亞綱,,2012-11-26
308172,caudal vertebrae,尾椎,,2012-11-26
308173,caudal vein,尾靜脈,,2012-11-26
308174,caudal spine,尾棘,,2012-11-26
308175,caudal setae,尾剛毛,,2012-11-26
308176,caudal sensory organ,尾感器,,2012-11-26
308177,caudal musculature,尾肌系,,2012-11-26
308178,caudal muscle,尾骨肌,,2012-11-26
308179,caudal mesonephris,後中腎,,2012-11-26
308180,caudal knot,尾結,,2012-11-26
308181,caudal half sclerotome,後半節,,2012-11-26
308182,caudal gland,尾腺,,2012-11-26
308183,caudal fold,尾褶,,2012-11-26
308184,caudal flexure,尾曲,,2012-11-26
308185,caudal fin,尾鰭,,2012-11-26
308186,caudal filament,尾絲,,2012-11-26
308187,caudal articular process,後關節突,,2012-11-26
308188,caudal articular facet,後關節面,,2012-11-26
308189,caudal artery,尾動脈,,2012-11-26
308190,caudal alae,尾翼,,2012-11-26
308191,caudal,尾的,,2012-11-26
308192,caudad,向尾端的,,2012-11-26
308193,cauda pancreatis,胰尾,,2012-11-26
308194,cauda helicis,耳輪尾,,2012-11-26
308195,cauda equina,馬尾；脊尾,,2012-11-26
308196,cauda epididymidis,副睪尾,,2012-11-26
308197,cauda,尾,,2012-11-26
308198,CATURIDAE,貓尾魚科,,2012-11-26
308199,Cattle Egret,黃頭鷺,,2012-11-26
308200,Catreus wallichii ,瓦氏雉雞,,2012-11-26
308201,CATOSTOMOIDAE,亞口魚總科,,2012-11-26
308202,Catostomini,亞口魚族,,2012-11-26
308203,CATOSTOMIDAE,亞口魚科；胭脂魚科,,2012-11-26
308204,Catopuma temmincki ,譚氏金貓,,2012-11-26
308205,CATJARTODAE,禿鷹科,,2012-11-26
308206,cation,陽離子,,2012-11-26
308207,cathode,陰極,,2012-11-26
308208,cathepsin,組朊酶；組織蛋白酶,,2012-11-26
308209,CATHARTIDAE,美洲鷲科,,2012-11-26
308210,CATERVARIOLIDAE,斑痕魚科（化石）,,2012-11-26
308211,caterpillar,蠋；毛蟲,,2012-11-26
308212,catenoid colony,鏈狀群體,,2012-11-26
308213,category,類別,,2012-11-26
308214,catenation,鏈狀排列,,2012-11-26
308215,catechol-O-methyl transferase (COMT),鄰苯二酚-O-甲基轉移酶,,2012-11-26
308216,catecholamines,兒茶酚胺,,2012-11-26
308217,catecholamine,鄰苯二酚胺,,2012-11-26
308218,catechol,兒茶酚；鄰苯二酚,,2012-11-26
308219,catastrophism,災變說,,2012-11-26
308220,Catarrhine,狹鼻猿,,2012-11-26
308221,CATARRHINA,狹鼻下目,,2012-11-26
308222,catarrh,粘膜炎；卡他,,2012-11-26
308223,cataract; cataracta,內障,,2012-11-26
308224,cataplexis; cataplexy,猝倒；昏蹶,,2012-11-26
308225,cataplaisa,返祖變形,,2012-11-26
308226,CATAPHRACTIDA,頰甲目,,2012-11-26
308227,cataphora,昏迷；人事不省,,2012-11-26
308228,catamenial decidua,月經蛻膜,,2020-03-09
308229,catalyst; catalyzer,觸媒劑；催化劑,,2012-11-26
308230,catalysis,觸媒作用；催化作用,,2012-11-26
308231,catalufas,大眼鯛類的土名,,2012-11-26
308232,catalepsy,僵住症；強直性昏厥,,2012-11-26
308233,catalase,觸酶；過氧化氫分解酶,,2012-11-26
308234,catadromous,降河的；降游的,,2012-11-26
308235,catadeomous migration,降河迴游,,2012-11-26
308236,cataclysmic metamorphosis,猝發變態；突變態,,2012-11-26
308237,catabolism; katabolism; dissimilation,分解代謝；異化作用,,2012-11-26
308238,catabolism in community,群集分解代謝,,2012-11-26
308239,catabolic,異化,,2012-11-26
308240,CASUARIIDAE,鶴鴕科,,2012-11-26
308241,CASUARIFORMES,鶴鴕目,,2012-11-26
308242,casual society,偶現群,,2012-11-26
308243,casual species,偶現種,,2012-11-26
308244,castration,閹割；去勢,,2012-11-26
308245,CASTORIDAE,河狸科；海狸科,,2012-11-26
308246,Castor fiber ,河狸,,2012-11-26
308247,Castor ,河狸（屬）,,2012-11-26
308248,caste; castus,階級；階層,,2012-11-26
308249,caste system,階級制度,,2012-11-26
308250,cast,圓柱；斜視；鑄型化石,,2012-11-26
308251,Cassowary,鶴鴕；食火雞,,2017-02-06
308252,CASSODAE,唐冠螺科；鬘螺科,,2012-11-26
308253,CASSIDIDAE,耳螺科,,2012-11-26
308254,cassava,木薯,,2012-11-26
308255,Casmara patrona  Meyrick,茶木窟蛾；茶凋木蛾,,2012-11-26
308256,caslation; caseification,乾酪化,,2012-11-26
308257,casinogen,乾酪素原,,2020-03-11
308258,casemaking cloth moth,穀巢衣蛾,,2012-11-26
308259,caseinogen,乾酪素原,,2020-03-11
308260,casein,乾酪素,,2012-11-26
308261,Casea ,凱西龍（屬）,,2012-11-26
308263,Casarea dussumieri ,中美洲蚺蛇,,2012-11-26
308264,caryotin,核質,,2020-03-11
308265,caryosome; karyosome,核染色質,,2012-11-26
308266,caryoplasmio ration,核細胞質比,,2012-11-26
308267,caryoplasm; karyoplasm,核質,,2012-11-26
308268,CARYOPHYLLIIDAE,葵珊瑚科,,2012-11-26
308269,caryonide,大核,,2012-11-26
308270,caryolymph; karyolymph; nuclear sap,核液,,2012-11-26
308271,caryology,核學,,2020-03-11
308272,caryokinesis; karyokinesis; cartocinesis; nuclear division,核分裂,,2012-11-26
308273,caryohylemma,核膜,,2012-11-26
308274,caryogram,核型,,2012-11-26
308275,caryogenetics,核遺傳學,,2012-11-26
308276,caryogamy,核媾；核配,,2020-03-11
308277,caryocinesis; caryokinesis,間接分裂；絲狀分裂,,2012-11-26
308278,caruncula; caruncle,肉阜；小阜,,2012-11-26
308279,caruncula sublingualis,舌下腺乳突；舌下涎腺乳突,,2012-11-26
308280,caruncula lacrimalis,淚阜,,2012-11-26
308281,carton,巢蠅,,2012-11-26
308282,cartilage (pl. cartilagines),軟骨,,2012-11-26
308283,cartilaginous tympanic annulus,軟骨性鼓環,,2012-11-26
308284,cartilaginous tissue,軟骨組織,,2012-11-26
308285,cartilaginous membrane,軟骨膜,,2012-11-26
308286,cartilaginous fish,軟骨魚類,,2012-11-26
308287,cartilaginous fin ray,軟骨性鰭條；軟條,,2012-11-26
308288,cartilaginous cranium; chondrocranium,軟顱,,2012-11-26
308289,cartilaginous bone; cartilage bone,軟骨,,2012-11-26
308290,cartilaginous,軟骨性,,2012-11-26
308291,cartilage,軟骨,,2012-11-26
308292,cartilage trabecula,軟骨小梁,,2012-11-26
308293,cartilage matrix,軟骨基質,,2012-11-26
308294,cartilage corpuscle; cartilage cell,軟骨小體,,2012-11-26
308295,cartilage cement,軟骨膠,,2012-11-26
308296,cartilage cell,軟骨細胞,,2012-11-26
308297,cartilage capsule,軟骨細胞囊,,2012-11-26
308298,cartilage bone,軟骨性骨；[骨危]質骨,,2012-11-26
308299,carrying capacity,容納量,,2012-11-26
308300,Carrot-Tail Viper Gecko,畸鱗虎,,2020-03-19
308301,carrier-mediated transport,載體中介運輸；載體運輸,,2012-11-26
308302,carrier-assisted transport,載體協助轉運,,2012-11-26
308303,carrier; transitory,轉移性帶菌者,,2012-11-26
308305,carrier; permanent,永久性帶菌者,,2012-11-26
308306,carrier; incubational,潛伏期帶菌者,,2012-11-26
308307,carrier; convalescent,病後帶菌者,,2012-11-26
308308,carrier; contact,接觸帶菌者,,2012-11-26
308310,carrier proteins,載體蛋白,,2012-11-26
308311,carrier of disease,帶病者,,2012-11-26
308312,carrier of infection,帶傳染者,,2012-11-26
308313,carrier,帶菌者；載體,,2012-11-26
308314,carrageenin,紅藻膠,,2012-11-26
308315,carpus (pl. -pi),腕；腕骨,,2012-11-26
308316,carps,鯉類,,2012-11-26
308317,carpopodite,腕節；脛肢節,,2012-11-26
308318,Carpophilus dimidiatus  (Fabricius),黑出尾蟲,,2012-11-26
308319,carpophagous,食果者,,2012-11-26
308320,carpopedal spasm,腕足痙攣,,2012-11-26
308321,carpo-metacarpus,腕掌骨,,2012-11-26
308322,carpo-metacarpel sac,腕掌囊,,2012-11-26
308323,carpo-metacarpel joint,腕掌關節,,2012-11-26
308324,carpo-metacarpel,腕掌的,,2012-11-26
308325,Carpodacus vinaceus ,酒紅朱雀,,2012-11-26
308326,Carpet Python,地毯莫瑞蟒,,2020-03-09
308327,carpet beetle,小鰹節蟲,,2012-11-26
308328,carpenter ant,大黑蟻,,2012-11-26
308329,carpal joint,腕關節,,2012-11-26
308330,carpal groove,腕骨溝,,2012-11-26
308331,carpal fascia,腕肌膜,,2012-11-26
308332,carpal bones; carpales; ossa carpi; carpus,腕骨,,2012-11-26
308333,carpal articular surface,腕關節面,,2012-11-26
308334,carpal,腕的,,2012-11-26
308335,carotinoid,類胡蘿蔔素,,2012-11-26
308336,carotine,胡蘿蔔素,,2020-03-18
308337,carotinase,胡蘿蔔素酶,,2012-11-26
308338,carotid trunk,頸動脈幹,,2012-11-26
308339,carotid sinus,頸動脈竇,,2012-11-26
308340,carotid notch,頸動脈切痕；頸切痕,,2012-11-26
308341,carotid gland,頸動脈腺；頸腺,,2012-11-26
308342,carotid foramen,頸動脈孔,,2012-11-26
308343,carotid cavernous aneurysm,頸動脈海綿竇血管瘤,,2012-11-26
308344,carotid body,頸動脈體,,2012-11-26
308345,carotid artery,頸動脈,,2012-11-26
308346,carotid arch,頸動脈弧,,2012-11-26
308347,carotid,頸動脈的,,2012-11-26
308348,carotenoids,類胡蘿蔔素,,2012-11-26
308349,carotenoderma,胡蘿蔔素黃皮病,,2012-11-26
308350,carotenemia,胡蘿蔔素血症,,2012-11-26
308351,carotene,胡蘿蔔素,,2020-03-18
308352,CAROIDEA,擬頭蟲網,,2012-11-26
308353,carnosus; carnose,肉質的,,2012-11-26
308354,carnosine,肌雙胜；肌肽,,2012-11-26
308355,Carnosaurs ,肉龍（屬）,,2012-11-26
308356,CARNOSAURIA,食肉龍類,,2012-11-26
308357,carnivorous,食肉的,,2012-11-26
308358,carnivore,食肉動物,,2012-11-26
308359,CARNIVORA,食肉目,,2012-11-26
308360,carnitine deficiency,肉毒鹼缺乏,,2012-11-26
308361,carnitin; carnitine,副肉精,,2012-11-26
308362,carnification,肉質變性,,2012-11-26
308363,carnaubic acid,巴西棕櫚酸,,2012-11-26
308364,carnaube,巴西棕櫚,,2012-11-26
308365,carnassial teeth,裂齒,,2020-03-18
308366,carmine,胭脂紅,,2012-11-26
308367,CARISTIIDAE,長毛鯛科；長鰭金眼鯛科,,2012-11-26
308368,cariniform cartilage,龍骨突軟骨；龍骨突,,2012-11-26
308369,carinal side,峰端,,2012-11-26
308370,carinal plate,脊骨板,,2012-11-26
308371,carinal,隆突狀的；有稜的,,2012-11-26
308372,carina,龍骨突起；龍骨瓣,,2020-03-11
308373,carina urothralis vaginae,陰道尿道隆凸,,2012-11-26
308374,caries,齲；骨疽,,2012-11-26
308375,caribou,美洲馴鹿,,2012-11-26
308376,CARIAMIDAE,叫鶴科,,2012-11-26
308377,Carettochelys insculpta,豬鼻龜,,2020-03-11
308378,CARETTOCHELYIDAE,豬鼻龜科；麻背龜科,,2012-11-26
308379,Caretta caretta olivacea ,欖蠵龜,,2012-11-26
308380,Caretta caretta gigas ,赤蠵龜,,2012-11-26
308381,Caretta caretta,赤蠵龜,,2020-03-13
308382,CARDOTPODEA,算盤蛤超科；烏蛤超科,,2012-11-26
308383,CARDOPODEA,鳥尾蛤超科,,2012-11-26
308384,cardo (pl. cardines),小顎基片,,2012-11-26
308385,CARDITIDAE,算盤蛤科；烏尾科；烏蛤科,,2012-11-26
308386,cardiovascular system,心臟血管系統,,2012-11-26
308387,cardiovascular regulating center,心臟血管調節中樞,,2012-11-26
308388,cardiovascular disease,心血管疾病,,2012-11-26
308389,cardiopulmonary resuscitation (CPR),心肺復甦術,,2012-11-26
308390,cardionecrosis,心壞死,,2012-11-26
308391,cardiomyoliposis,心肌脂性變,,2012-11-26
308392,cardiometry,心力測算法,,2012-11-26
308393,cardiometer,心力計,,2012-11-26
308394,cardiomegalia; cardiomegaly,心肥大,,2012-11-26
308395,cardiolipin,心脂,,2012-11-26
308396,cardio-inhibitory centre,心搏抑制中心,,2012-11-26
308397,cardiographic curve; cardiogram,心動波,,2012-11-26
308398,cardiocoelom,圍心腔,,2012-11-26
308399,cardiobranchial,心鰓軟骨,,2012-11-26
308400,cardio-accelerating centra,心搏加速中心,,2012-11-26
308401,cardinalis,蝶鉸部,,2012-11-26
308402,CARDINALIDAE,主紅雀科,,2012-11-26
308403,cardinal vein,主靜脈,,2012-11-26
308404,cardinal system,主靜脈系,,2012-11-26
308405,cardinal process,主突,,2012-11-26
308406,cardinal area,主面；基面,,2012-11-26
308407,cardinal,主軸的,,2012-11-26
308408,CARDIIDAE,鳥尾蛤科,,2012-11-26
308409,cardianastrophe,先天性心右位,,2012-11-26
308410,cardiamorphia,心臟畸形,,2012-11-26
308411,cardiac wave,心波,,2012-11-26
308412,cardiac volume,心容量,,2012-11-26
308413,cardiac valve,賁門瓣,,2012-11-26
308414,cardiac tube,心管,,2012-11-26
308415,cardiac sinus,心竇,,2012-11-26
308416,cardiac plexus,心神經叢,,2012-11-26
308417,cardiac output,心輸出量,,2012-11-26
308418,cardiac orifice,賁門孔,,2012-11-26
308419,cardiac muscle,心肌,,2012-11-26
308420,cardiac lobe,心葉,,2012-11-26
308421,cardiac impression,心壓痕,,2012-11-26
308422,cardiac impluse,心衝動波,,2012-11-26
308423,cardiac glycosides,強心苷,,2012-11-26
308424,cardiac ganglion,心神經結,,2012-11-26
308425,cardiac endothelium,心內皮,,2012-11-26
308426,cardiac division,賁門部,,2012-11-26
308427,cardiac decompensation,心代償能減退,,2012-11-26
308428,cardiac cycle,心搏周期,,2012-11-26
308429,cardiac centers; in medulla,延髓心臟中樞,,2012-11-26
308430,cardiac center,心搏中樞,,2012-11-26
308431,cardiac branch,心臟神經,,2012-11-26
308432,cardiac arrest,心跳停止,,2012-11-26
308433,cardiac,賁門的；心的；心臟的,,2012-11-26
308434,cardia,賁門；前胃,,2012-11-26
308435,cardae tendinae,肌腱索,,2012-11-26
308436,carcinoma; solid,實質癌,,2012-11-26
308437,carcinoma; parafollicular,泡旁癌,,2012-11-26
308438,carcinoma; medullary,髓質（性）癌,,2012-11-26
308440,carcinoma; follicular,濾泡（性）癌,,2012-11-26
308441,carcinoma-anaplastic,癌未分化,,2012-11-26
308442,carcinoma,癌；惡性瘤,,2020-03-19
308443,carcinology,蟹學；甲殼類學,,2012-11-26
308444,carcinoid tumor,類癌瘤,,2012-11-26
308445,carcinoid syndrome,類癌症候群,,2012-11-26
308446,carcinogenesis,致癌過程,,2012-11-26
308447,carcinogen,致癌物,,2012-11-26
308448,carcinoembryonic antigen (CEA),癌胚抗原,,2012-11-26
308449,CARCHARIIDAE (ODONTASPIDIDAE),錐齒鯊科,,2012-11-26
308450,Carcharhinus sorrah ,沙拉白眼鮫,,2012-11-26
308451,Carcharhinus albimarginatus ,白邊鰭白眼鮫,,2012-11-26
308452,Carcharhinini,真鯊族,,2012-11-26
308453,Carcharhininae,真鯊亞科,,2012-11-26
308454,CARCHARHINIDAE,白眼鮫科；真鯊科,,2012-11-26
308455,carbuncle,癱,,2012-11-26
308456,carboxypeptidase,羧胜酶,,2012-11-26
308457,carboxyl group,羧基,,2012-11-26
308458,carboxylase,羧酶,,2012-11-26
308459,carboxyl,羧,,2012-11-26
308460,carboxyhaemoglobin,一氧化碳血紅蛋白；羧血紅蛋白,,2012-11-26
308461,carbonyl,羰基,,2012-11-26
308462,carbonization,碳化作用,,2012-11-26
308463,Carboniferous period,石炭紀,,2012-11-26
308464,carbonic anhydrase,碳酸酐酶,,2012-11-26
308465,carbonic acid,碳酸,,2012-11-26
308466,carbon-hydrogen-oxygen cycle,碳氫氧環,,2012-11-26
308467,carbon monoxide,一氧化碳,,2012-11-26
308468,carbon fixation,固碳作用,,2012-11-26
308469,carbon dioxide tension,二氧化碳張力,,2012-11-26
308470,carbon dioxide fixation,二氧化碳固定,,2012-11-26
308471,carbon dioxide assimilation,二氧化碳同化（作用）,,2012-11-26
308472,carbon dioxide,二氧化碳,,2012-11-26
308473,carbon dating,碳紀年,,2012-11-26
308474,carbon cycle,碳循環,,2012-11-26
308475,carbohydrates,碳水化合物,,2012-11-26
308476,carbohydrate tolerance,碳水化合物耐力,,2012-11-26
308477,carbohydrase,醣酶,,2012-11-26
308478,carbohemia,碳酸血症,,2012-11-26
308479,carbo-haemoglobin,碳酸血紅蛋白,,2012-11-26
308480,carbaminohaemoglobin,碳胺基血紅蛋白,,2012-11-26
308481,carbamino compounds,碳胺基化合物,,2012-11-26
308482,carassulacean acid metabolism (CAM),景天酸代謝,,2012-11-26
308483,Carassius cuvieri ,高身鯽,,2012-11-26
308484,CARAPIDAE,潛魚科,,2012-11-26
308485,Carassius auratus ,鯽,,2012-11-26
308486,carapace,背甲,,2012-11-26
308487,Caranx sexfasciatus ,六帶鰺,,2012-11-26
308488,Caranx melampygus ,黃臀鰺；藍鰭鰺,,2012-11-26
308489,Caranx ignobilis ,浪人鰺,,2012-11-26
308490,Caranx bucculentus ,擬浪人鰺；藍點鰺,,2012-11-26
308491,Carangoides oblongus ,長鰭鰺,,2012-11-26
308492,Carangoides malabricus ,瓜仔鰺,,2012-11-26
308493,Carangoides ferdau ,印度平鰺,,2012-11-26
308494,Carangoides equula ,平鰺,,2012-11-26
308495,Carangoides chrysophrys ,冬瓜鰺,,2012-11-26
308496,CARANGIDAE,鰺科,,2012-11-26
308497,CARACHARHINIDAE,真鯊科,,2012-11-26
308498,Caracara,隼,,2012-11-26
308499,CARACANTHIDAE,棘頭鮋科,,2012-11-26
308500,Caracal caracal; Felis caracal; Lynx caracal ,波斯野貓,,2012-11-26
308501,Carabus (Damaster) blaptoides hanae  Chu,台灣食蝸步行蟲,,2012-11-26
308502,Carabus (Coptolabrus) nankotaizanus  Kano,台灣擬食蝸步行蟲,,2012-11-26
308503,carabidoid stage,擬蚑期,,2012-11-26
308504,CARABIDAE,步行蟲科,,2012-11-26
308505,caput mediale,內頭（肱三頭肌）,,2012-11-26
308506,caput longum,長頭（肱三頭肌）,,2012-11-26
308507,caput laterale,外頭（肱三頭肌）,,2012-11-26
308508,caput angulare,角頭（鼻唇舉肌）,,2012-11-26
308509,caput (pl. capita),頭；首,,2012-11-26
308510,CAPULIDAE,偏蓋螺科,,2012-11-26
308511,Captorhinus ,狹鼻龍（屬）,,2012-11-26
308512,CAPTORHINOMORPHA,大鼻龍亞目,,2012-11-26
308513,CAPTORHINOMORPH,狹鼻龍目,,2012-11-26
308514,captive,俘蟲；豢養,,2012-11-26
308515,capsulitis,囊炎,,2012-11-26
308516,capsule of the lens; capsula lentis,晶體囊,,2012-11-26
308517,capsule of glomerulus,腎小球囊；腎球囊,,2020-03-19
308518,capsule,囊,,2012-11-26
308519,capsular ligament,囊狀韌帶,,2012-11-26
308520,capsula fibrosa hepatis; Glisson's capsule,肝纖維囊,,2012-11-26
308521,capsula articularis,關節囊,,2012-11-26
308522,capsula,囊；莢膜；蒴,,2012-11-26
308523,capsid,蛋白殼,,2012-11-26
308524,caprylic acid,辛酸,,2020-03-06
308525,Capromys pilorides ,古巴巨鼠,,2012-11-26
308526,Capromys ,古巴巨鼠（屬）,,2012-11-26
308527,CAPROMYIDAE,中南美巨鼠科,,2012-11-26
308528,Caprolagus hispidus ,阿薩密兔,,2012-11-26
308529,CAPROIDAE,豬菱鯛科；羊魴科,,2012-11-26
308530,Caprimulgus affinis ,台灣夜鷹,,2012-11-26
308531,CAPRIMULGIFORMES,夜鷹目,,2012-11-26
308532,CAPRIMULGIDAE,夜鷹科,,2012-11-26
308533,Capricornis sumatraensis ,鬣羚,,2012-11-26
308534,Capricornis crispus swinhoei ,台灣長鬃山羊,,2012-11-26
308535,Capricornis ,長鬃山羊（屬）,,2012-11-26
308536,capric acid; hexanoic acid,癸酸；己酸,,2012-11-26
308537,Capra idex ,高地山羊,,2012-11-26
308538,Capra falconeri megaceros ,卡布野山羊,,2012-11-26
308539,Capra falconeri jerdoni ,直角野山羊,,2012-11-26
308540,Capra falconeri chialtanensis ,齊爾登野山羊,,2012-11-26
308541,Capra falconeri ,螺角山羊,,2012-11-26
308542,Capra ,山羊（屬）,,2012-11-26
308543,CAPNIIDAE,黑襀翅目,,2012-11-26
308544,capitular facet,頭關節面,,2012-11-26
308545,capitular,小頭狀的,,2012-11-26
308546,CAPITONIDAE,五色鳥科,,2012-11-26
308547,capitellum; capitulum,小頭；肱骨小頭,,2012-11-26
308548,capitate bone; os capitatum; os magnum,頭狀骨,,2012-11-26
308549,capistration,包莖,,2012-11-26
308550,capillary action,毛細管作用,,2012-11-26
308551,capillary,微血管；毛細管,,2012-11-26
308552,Caperea marginata ,小露脊鯨,,2012-11-26
308553,Cape CragLizard,峭壁環尾蜥,,2020-03-11
308554,Cape anteater,管齒目,,2012-11-26
308555,cap,冠端；蓋；帽；髓蓋,,2012-11-26
308556,Cantor's Rat Snake,過山刀,,2020-03-13
308557,canthus,眥；眼角；分眼突,,2012-11-26
308558,cantharidin,斑蝥素,,2012-11-26
308559,CANTHARIDAE,地膽科；斑蝥科,,2012-11-26
308560,Canoidea,犬類,,2012-11-26
308561,cannon bone,砲骨,,2012-11-26
308562,cannibalism,同類相殘；同類相戕,,2012-11-26
308563,Canis mesomelas ,黑背胡狼,,2012-11-26
308564,Canis lupus ,（灰）狼,,2012-11-26
308565,Canis latrans ,郊狼,,2012-11-26
308566,Canis familiaris ,家犬,,2012-11-26
308567,Canis ,犬（屬）,,2012-11-26
308568,caninus muscle,犬齒肌,,2012-11-26
308569,CANINIACEA,犬齒珊瑚目,,2012-11-26
308570,canine,犬齒,,2012-11-26
308571,CANIDAE,犬科,,2012-11-26
308572,cancerous cell,癌細胞,,2012-11-26
308573,cancerogenic substance; carcinogen,致癌物質,,2012-11-26
308574,cancer,癌,,2020-03-19
308575,cancer cells,癌細胞,,2012-11-26
308576,Cancer ,蟹（屬）,,2012-11-26
308577,cancellous substance; substantia spongiosa,鬆骨質,,2012-11-26
308578,cancellous bone,海綿質骨骼,,2012-11-26
308579,CANCELLARIIDAE,核螺科,,2012-11-26
308580,canalisation,管道形成,,2012-11-26
308581,canalis,管；溝；道,,2012-11-26
308582,canaliculus (pl. -li),小管,,2012-11-26
308583,canal; alveolar,齒槽管,,2012-11-26
308584,canal; allantoid,尿囊管,,2012-11-26
308586,canal; canales (pl. -lis),管；道；溝,,2012-11-26
308587,canal of schlemm,鞏膜靜脈竇,,2012-11-26
308588,canal of Lorenzini,羅蘭金氏管,,2012-11-26
308589,canal of Gartner; Gartner's duct,卵巢冠縱管,,2012-11-26
308590,camptotrichium (pl. -chia),楺條,,2012-11-26
308591,Campsosternus gemma ,彩虹叩頭蟲,,2012-11-26
308592,Campsosternus watanabei  Miwa,彩虹叩頭蟲,,2012-11-26
308593,campodeiform (larva),長蚤型幼蟲；衣魚型幼蟲,,2012-11-26
308594,CAMPODEIDAE,長蚤蟲科,,2012-11-26
308595,CAMPEPHAGIDAE,山椒鳥科,,2012-11-26
308596,campaniform sensilla,鐘形感覺小體,,2012-11-26
308597,camouflage,保護色,,2012-11-26
308598,CAMERATA,圓頂目,,2012-11-26
308599,camera-eyes,相機狀眼,,2012-11-26
308600,camera oculi posterior,眼後房,,2012-11-26
308601,camera oculi anterior,眼前房,,2012-11-26
308602,camera aquosa,眼房；眼前房,,2012-11-26
308603,Camelus dromedarius ,單峰駱駝,,2012-11-26
308604,Camelus bactrianus ,雙峰駱駝,,2012-11-26
308605,Camelus ,駱駝（屬）,,2012-11-26
308606,CAMELIDAE,駱駝科,,2012-11-26
308607,Cambrian period,寒武紀,,2012-11-26
308608,Camarasaurus ,高鼻龍（屬）,,2012-11-26
308609,CAMALODONTA,裂齒海膽目,,2012-11-26
308610,CAMAENOOIDEA,南亞蝸牛超科,,2012-11-26
308611,CAMAENIDAE,南亞蝸牛科,,2012-11-26
308612,CAMAEINIDAE,箱蝸牛科,,2012-11-26
308613,calyx (pl. calyces),輸卵管盞；萼；跟；踵；灰燼,,2012-11-26
308614,CALYPTRAEIDAE (CREPIDULIDAE),帆螺科（扁舟螺科）,,2012-11-26
308615,calyptopsis,短柄眼蚴；短柄眼幼蟲,,2012-11-26
308616,calyptobranchiata,隱鰓的,,2012-11-26
308617,CALYPTOBLASTEA; LEPTOMEDUSAE,軟水母亞目,,2012-11-26
308618,CALYPTERAEOIDEA,帆螺超科；舟螺超科,,2012-11-26
308619,calymma; kalymma,染色體基質,,2012-11-26
308620,CALYCOPHORA,鐘泳亞目,,2012-11-26
308621,calyces renales,腎盞；腎萼,,2012-11-26
308622,Calvin-Benson cycle,卡文-本松循環,,2012-11-26
308623,Calvin cycle,卡爾文循環,,2012-11-26
308624,calvarium (pl. -ria),顱頂；頭頂,,2012-11-26
308625,CALUROMYIDAE,毛[鼠兒]科,,2012-11-26
308626,calotte,纖毛帽,,2020-03-06
308627,Calotes emma,棕背樹蜥,,2020-03-19
308628,calorimetry,熱量測定法,,2012-11-26
308629,calorimeter,熱量計,,2012-11-26
308630,calorigenesis,生熱,,2012-11-26
308631,calorie,熱卡；卡路里,,2012-11-26
308632,caloricity,含熱量,,2012-11-26
308633,caloreceptor; themoreceptor,溫受器,,2012-11-26
308634,Caloprymnus campestris ,沙漠兔袋鼠,,2012-11-26
308635,calmodulin,鈣調蛋白,,2022-07-08
308636,calmative,鎮靜劑,,2012-11-26
308637,Calmaria pfefferi ,費氏鐵線蛇,,2012-11-26
308638,CALLYODONTIDAE,類齒魚科,,2012-11-26
308639,callus,胼胝；骨痂；癒傷組織,,2012-11-26
308640,callosum; corpus callosum,胼胝體,,2012-11-26
308641,Callosobruchus chinensis  (Linnaeus),綠豆象,,2012-11-26
308642,callosity; callus,胼胝,,2012-11-26
308643,callositas ischialic,臂胼胝；坐胼胝,,2012-11-26
308644,callose,胼胝質,,2012-11-26
308645,Callosciurus erythraeus ,赤腹松鼠,,2012-11-26
308646,Callosciurus ,麗松鼠（屬）,,2012-11-26
308647,callosal sulcus,胼胝體溝,,2012-11-26
308648,CALLORHYNCHIDAE,鉤吻鮫科,,2012-11-26
308649,Callorhinus ursinus ,北方海狗,,2012-11-26
308650,Callopistes maculatus,黃斑巨鞭尾蜥,,2020-03-13
308651,CALLITRICHIDAE,狨科,,2012-11-26
308652,Callithrix jacchus ,狨,,2012-11-26
308653,Callithrix flaviceps ,黃頭絹猴；黃頭狨,,2012-11-26
308654,Callithrix aurita ,白耳絹猴；白耳狨,,2012-11-26
308655,CALLITHRICIDAE,絹猴科,,2012-11-26
308656,Callithrix ,狨（屬）,,2012-11-26
308657,CALLIPHORIDAE,黑蠅科,,2012-11-26
308658,Calliostornatinae,蛭螺亞科,,2012-11-26
308659,Calliophis macclellandi swinhoei ,環紋赤蛇,,2012-11-26
308660,Calliophis macclellandi formosensis ,環紋赤蛇,,2012-11-26
308661,CALLIONYMIDAE,[魚銜]科,,2012-11-26
308662,CALLIMICONIDAE,哥氏絹猴科,,2012-11-26
308663,Callimico goeldii ,哥氏絹猴；猴狨,,2012-11-26
308664,CALLIDULIDAE,錨紋蛾科,,2012-11-26
308665,CALLICHTHYIDAE,麗甲鯰科,,2012-11-26
308666,CALLAEIDAE,垂耳鴉科,,2012-11-26
308667,California Legless Lizard,麗紋無足蜥,,2020-03-06
308668,California Condor,加州兀鷲,,2012-11-26
308669,Calidris ferruginea ,滸鷸,,2012-11-26
308670,Calidris alpina ,濱鷸,,2012-11-26
308671,caliculi; gustatorii,味蕾,,2012-11-26
308672,caliber; calibre,管經；脈管,,2012-11-26
308673,calf muscle,腓肌,,2012-11-26
308674,calf bone; fibula,腓骨,,2012-11-26
308675,calf,腓；小腿,,2012-11-26
308676,calculus; vesical,膀胱結石,,2012-11-26
308677,calculus; urinary,尿結石,,2012-11-26
308678,calculus; urethral,尿道結石,,2012-11-26
308679,calculus; biliary,膽結石,,2012-11-26
308680,calculus (pl. -li),結石；石,,2012-11-26
308681,calcospherites,鈣球體,,2012-11-26
308682,calcmine; ethanolamine,乙醇胺,,2012-11-26
308683,calcium-pentagastrin test,鈣-五肽胃泌素試驗,,2012-11-26
308684,calcium phosphate,磷酸鈣,,2012-11-26
308685,calcium pentothenate,泛酸鈣,,2012-11-26
308686,calcium metabolism,鈣代謝,,2012-11-26
308687,calcium in blood,血鈣,,2012-11-26
308688,calcium channel,鈣離子通道,,2012-11-26
308689,calcium carbonate,碳酸鈣,,2012-11-26
308690,calcium balance,鈣平衡,,2012-11-26
308691,calcium,鈣,,2012-11-26
308692,calcitriol,促鈣三醇,,2012-11-26
308693,calcitonin gene-related peptide,抑鈣素基因系胜肽,,2012-11-26
308694,calcitonin gene peptide,抑鈣素基因胜肽,,2012-11-26
308695,calcitonin (CT),降鈣素,,2012-11-26
308696,CALCISPONGIAE,石炭海綿綱；鈣質海綿,,2020-03-06
308697,calcipnea,缺鈣症,,2012-11-26
308698,calcinosis,鈣質沈著,,2012-11-26
308699,calcify,鈣化,,2012-11-26
308700,calcification,鈣化作用,,2012-11-26
308701,calciferol; vitamine D2,沉鈣固醇；維生素D2,,2012-11-26
308702,CALCICHORDATA,鈣素動物亞門,,2012-11-26
308703,calcemia,血鈣過多症,,2012-11-26
308704,calcarine fissure,踵狀溝；枕顳溝,,2012-11-26
308705,calcareous spiracle,鈣質針骨,,2012-11-26
308706,calcareous spine,鈣質棘,,2012-11-26
308707,calcareous ring,鈣質環,,2012-11-26
308708,calcareous plate,鈣質板,,2012-11-26
308709,calcareous foraminifera,鈣質有孔類,,2012-11-26
308710,calcareous deposition,鈣質沉積,,2012-11-26
308711,calcareous cartilage,鈣化軟骨,,2012-11-26
308712,calcareous body,鈣質體,,2012-11-26
308713,calcareous,鈣質的,,2012-11-26
308714,CALCAREA,石灰海綿綱；鈣質海綿,,2020-03-06
308715,calcar (pl. -caria),距,,2012-11-26
308716,calcaneum (pl. -nea),跟骨；踵骨,,2012-11-26
308717,calcanes-metatarsal ligament,蹠跗韌帶,,2012-11-26
308718,calcaneal process,踵突,,2012-11-26
308719,calamus (pl. -mi),翮,,2012-11-26
308720,calamistrum,跗毛,,2012-11-26
308721,Calamaria septentrionalis,鈍尾兩頭蛇,,2020-03-19
308722,Calamaria pfefferi ,黃福氏鐵線蛇,,2012-11-26
308723,Calamaria pavimentata uniformis ,台灣鐵線蛇（亞種）,,2012-11-26
308724,Calamaria pavimentata pavimentata ,台灣鐵線蛇（亞種）,,2012-11-26
308725,Calamaria pavimentata formosana ,台灣鐵線蛇（亞種）,,2012-11-26
308726,Calamaria pavimentata ; Collared Reed Snake,台灣鐵線蛇,,2012-11-26
308727,Calamaria berezowskii ,台灣鐵線蛇,,2012-11-26
308728,Calacarus carinatus  (Green),紫銹蜱,,2012-11-26
308729,caisson disease,潛水夫病；氣壓突減病,,2012-11-26
308730,Cainotherium ,新獸（屬）,,2012-11-26
308731,Cainotherioids,新獸類,,2012-11-26
308732,cainotheres,新獸類,,2012-11-26
308733,Caiman latirostris ,寬吻凱門鱷,,2012-11-26
308734,Caiman crocodilus apaporiensis ,眼鏡凱門鱷,,2012-11-26
308735,Caiman crocodilus,短吻鱷,,2020-03-09
308736,caffeine,咖啡因；咖啡鹼,,2012-11-26
308737,cafe-au-lait spot,乳咖啡色斑,,2012-11-26
308738,caespiticolous,草棲的,,2012-11-26
308739,CAESIONIDAE,梅鯛科,,2012-11-26
308740,Caesio digramma ,雙帶烏尾鮗,,2012-11-26
308741,Caesio caerulaureus ,烏尾鮗,,2012-11-26
308742,caerulein,藍皮素,,2012-11-26
308743,caenozoic era; cainozoic era; cenozoic era; neozoic era,新生代,,2012-11-26
308744,CAENOTHECALIA,青珊瑚目,,2012-11-26
308745,Ceanorhabdilic elegans ,線蟲,,2012-11-26
308746,CAENOPHIDIA,新蛇次亞目,,2012-11-26
308747,Caenolestidae fuliginosus ,厄瓜多爾鼩[齒兒],,2012-11-26
308748,CAENOLESTIDAE,鼩[鼠兒]科,,2012-11-26
308749,caenogenetic structure,新生構造,,2012-11-26
308750,caenogenetic regeneration,新生性再生,,2012-11-26
308751,caenogenetic metamorphosis; caenogenesis,新生性變態,,2012-11-26
308752,caenogenetic,新生的,,2012-11-26
308753,caenogenesis,新生變態,,2020-03-18
308754,CAENAGNITHUS; CAENAGNITHIFORMES,新頜鳥目,,2012-11-26
308755,Caelorinchus japonicus ,日本鬚鱈,,2012-11-26
308756,Caelorinchus cingulatus ,橫帶鬚鱈,,2012-11-26
308757,Caelops frithi ,無尾蹄蝠,,2012-11-26
308758,caecum vestibulare,前庭盲端,,2012-11-26
308759,caecum pyloricus,幽門盲囊,,2012-11-26
308760,caecum cupulare,頂盲腸,,2012-11-26
308761,caecum,盲腸,,2012-11-26
308762,caecitis,盲腸炎,,2012-11-26
308763,CAECILIIDAE,蛇螈科,,2012-11-26
308764,caecilian,蚓螈,,2012-11-26
308765,CAECILIA,盲螈目,,2012-11-26
308766,caecal valve,盲腸瓣,,2012-11-26
308767,caecal gland,盲腸腺,,2012-11-26
308768,caecal artery,盲腸動脈,,2012-11-26
308769,caecal,盲腸的,,2012-11-26
308770,caducus; caducous,易脫落的,,2012-11-26
308771,caducibranchiate,脫鰓；暫鰓,,2012-11-26
308772,cadophore,背芽突,,2012-11-26
308773,cadiogram,心動圖,,2012-11-26
308774,cadiodemia,心脂性變,,2012-11-26
308775,cadioblast,心壁母細胞,,2012-11-26
308776,caddise fly,飛螻,,2012-11-26
308777,cadaverine,戊二胺,,2020-03-11
308778,cadaver,屍體,,2012-11-26
308779,cacotrophia; cacotrophy,營養不良,,2012-11-26
308780,cacogenics,劣生學,,2012-11-26
308781,cacogenesis,雜交不能；劣生,,2020-03-11
308782,cachexia,惡病體質,,2012-11-26
308783,CACATUIDAE,鳳頭鸚鵡科,,2012-11-26
308784,Cacajao rubicundus ,紅禿猴,,2012-11-26
308785,Cacajao roosevelti ,黑禿猴,,2012-11-26
308786,Cacajao melanocephalus ,黑頭禿猴,,2012-11-26
308787,Cacajao calvs (calvus) ,白禿猴,,2012-11-26
308788,Cacajao ,禿猴（屬）,,2012-11-26
308789,C21 hydroxylase defect,C21羥酶缺陷,,2012-11-26
308790,C11 hydroxylase defect,C11羥酶缺陷,,2012-11-26
308791,C cell,C細胞,,2012-11-26
308792,BYTHITIDAE,胎鼬[魚尉]科,,2012-11-26
308793,byssus gland,足絲腺,,2012-11-26
308794,byssus,足絲,,2012-11-26
308795,Buzzard,鵟,,2012-11-26
308796,butyryl co-enzyme A,丁醯基輔酶,,2012-11-26
308797,butyric acid,丁酸,,2012-11-26
308798,butylene glycol,丁二醇,,2012-11-26
308799,button,扣狀體,,2012-11-26
308800,Buttonquail,三趾鶉,,2012-11-26
308801,Butler's Narrow-mouthed Toad,巴氏小雨蛙,,2020-03-11
308802,Butastur indicus ,灰面鵟鷹,,2012-11-26
308803,butanol,丁醇,,2012-11-26
308804,busitis; bursal synovitis,粘液囊炎；滑囊炎,,2012-11-26
308805,BURSIDAE,蛙螺科,,2012-11-26
308806,bursal slit,囊裂,,2012-11-26
308807,bursa subcutanea,皮下囊,,2012-11-26
308808,bursa sinus tarsi,跗骨竇囊,,2012-11-26
308809,bursa pharyngea,咽囊,,2012-11-26
308810,bursa ovarica,卵巢囊,,2012-11-26
308811,bursa of Fabricius,法氏囊腔上囊,,2012-11-26
308812,bursa mucosa,黏液囊,,2012-11-26
308813,bursa inguinalis,鼠蹊囊,,2012-11-26
308814,bursa fabricii,腔上囊,,2012-11-26
308815,bursa entiana,幽門盲囊之一種,,2012-11-26
308816,bursa copulatrix,交尾囊,,2012-11-26
308817,bursa atlantalis,寰椎囊,,2012-11-26
308818,bursa anserina,鵝趾囊,,2012-11-26
308819,bursa achilis,跟腱囊,,2012-11-26
308820,bursa,囊；粘液囊；滑囊,,2012-11-26
308821,burrowing snakes,盲蛇,,2012-11-26
308822,Burramys parvus ,袋森鼠（負子鼠）,,2012-11-26
308823,Burramys ,袋森鼠（屬）,,2012-11-26
308824,BURRAMYIDAE,負子鼠科,,2012-11-26
308825,Burmese Python,緬甸蟒,,2020-03-09
308826,Burkitt's lymphoma,伯奇氏淋巴瘤,,2012-11-26
308827,BURHINIDAE,石鴴科,,2012-11-26
308828,Buprestis mirabilis ,妖豔吉丁蟲,,2012-11-26
308829,BUPRESTIDAE,吉丁蟲科,,2012-11-26
308830,Bunting,鵐；雀,,2012-11-26
308831,bunoselenodont,丘月齒型,,2012-11-26
308832,Bunomastodonts,丘齒乳齒象類,,2012-11-26
308833,bunolophodont,丘脊齒型,,2012-11-26
308834,bunodont,丘齒型,,2012-11-26
308835,Bungarus multicinctus multicinctus,雨傘節,,2020-03-11
308836,Bungarus multicinctus ,手巾蛇,,2012-11-26
308837,Bungarus fasciatus,金環蛇,,2020-03-11
308838,Bungarus ,手巾蛇（屬）,,2012-11-26
308839,bundle of His; auriculoventricular bundle; artrioventricular bundle,希氏束；房室束,,2012-11-26
308840,bulluform cells,泡狀細胞,,2012-11-26
308841,BULLOIDEA,棗螺超科,,2012-11-26
308842,BULLIDAE,棗螺科,,2012-11-26
308843,bullheads,牛頭鮠類,,2012-11-26
308844,bulla ethmoidaea,篩骨泡,,2012-11-26
308845,bull trout,公牛斑鮭,,2012-11-26
308846,bulimia,貪食症,,2012-11-26
308847,bulbus vestibuli,前庭球,,2012-11-26
308848,bulbus venae jugularis,頸靜脈球,,2012-11-26
308849,bulbus urethra,尿道球,,2012-11-26
308850,bulbus pili,毛球,,2012-11-26
308851,bulbus olfactoris,嗅球,,2012-11-26
308852,bulbus oculi,眼球,,2012-11-26
308853,bulbus glandis,莖頭球,,2012-11-26
308854,bulbus ejaculatoris,射精管球,,2012-11-26
308855,bulbus corporis cavernosa,海綿球,,2012-11-26
308856,bulbus cornu posterioris,後角球,,2012-11-26
308857,bulbus cordis,心球,,2012-11-26
308858,bulbus arteriosus,動脈球,,2012-11-26
308859,bulbus aorta,大動脈球；主動脈球,,2012-11-26
308860,bulbus,球狀,,2012-11-26
308861,Bulbul,鵯,,2012-11-26
308862,bulbo-urethral gland; Cowper's gland,尿道球腺,,2012-11-26
308863,bulbogastrone,球抑胃素,,2012-11-26
308864,bulbo-cavernosus muscle,球海綿肌,,2012-11-26
308865,bulbar conjunctiva,球結膜；眼球結膜,,2012-11-26
308866,bulbar center,延腦中樞,,2012-11-26
308867,BUFONIDAE,蟾蜍科,,2012-11-26
308868,bufotalin; bufonin,蟾蜍素,,2012-11-26
308869,Bufo vularis japonicus ,中華大蟾蜍,,2012-11-26
308870,Bufo smithi ,中華大蟾蜍,,2012-11-26
308871,Bufo periglenes ,環眼蟾蜍,,2012-11-26
308872,Bufo melanostictus,黑眶蟾蜍,,2020-03-11
308873,Bufo canorus ,蟾蜍,,2012-11-26
308874,Bufo bufo japonicus ,中華大蟾蜍,,2012-11-26
308875,Bufo bufo gargarizans ,中華大蟾蜍,,2012-11-26
308876,Bufo bufo asiaticus ,中華大蟾蜍,,2012-11-26
308877,Bufo Bufo bankorensis ,中華大蟾蜍,,2012-11-26
308878,Bufo bankorensis ,盤古蟾蜍,,2012-11-26
308879,Bufo ,蟾蜍（屬）,,2012-11-26
308880,buffer substance,緩衝物質,,2012-11-26
308881,buffer solution,緩衝液,,2012-11-26
308882,buffer nerve,緩衝神經,,2012-11-26
308883,buffer,緩衝劑,,2012-11-26
308884,buffalo hump,水牛峰,,2012-11-26
308885,Buff-striped Keelback; Amphiesma stolata ,花浪蛇,,2012-11-26
308886,Buettneria ,方額蜥（屬）,,2012-11-26
308887,Buergeria japonica ; Japanese Buerger's Frog,日本樹蛙,,2012-11-26
308888,budding,出芽,,2012-11-26
308889,bud mutation; bud spot,芽條變異,,2012-11-26
308890,BUCEROTIDAE,犀鳥科,,2012-11-26
308891,buccopharyngeal surface,頰咽面,,2012-11-26
308892,buccopharyngeal respiration,頰咽呼吸,,2012-11-26
308893,buccopharyngeal epithelium,頰咽皮膜,,2012-11-26
308894,buccopharyngeal,頰與咽的,,2012-11-26
308895,Bucconidae,噴鴷科,,2012-11-26
308896,bucconasal,頰與鼻的,,2012-11-26
308897,buccolingual,頰與舌的,,2012-11-26
308898,buccolabial,頰與唇的,,2012-11-26
308899,BUCCINOIDEA,峨螺超科,,2012-11-26
308900,BUCCINIDAE,峨螺科,,2012-11-26
308901,buccinator vein,頰肌靜脈,,2012-11-26
308902,buccinator nerve,頰肌神經,,2012-11-26
308903,buccinator artery,頰肌動脈,,2012-11-26
308904,buccinator,頰肌,,2012-11-26
308905,buccal smear analysis,頰抹片分析,,2012-11-26
308906,buccal skeleton,口腔骨骼；口腔骨,,2012-11-26
308907,buccal nerve; b. branch,頰神經,,2012-11-26
308908,buccal groove,口溝,,2012-11-26
308909,buccal gland,頰腺；口腔腺,,2012-11-26
308910,buccal funnel,口漏斗,,2012-11-26
308911,buccal fascia,頰肌膜,,2012-11-26
308912,buccal cirri,口鬚,,2012-11-26
308913,buccal cavity,口腔；頰腔,,2012-11-26
308914,buccal capsule,口囊,,2012-11-26
308915,buccal canal,口道溝,,2012-11-26
308916,buccal appendage,口附肢,,2012-11-26
308917,buccal,頰的；口的,,2012-11-26
308918,bucca; cheek,頰；口,,2012-11-26
308919,Bubulcus ibis ,黃頭鷺,,2012-11-26
308920,bubonic plague,腺鼠疫,,2012-11-26
308921,Bubalus quarlesi ,安諾亞山水牛,,2012-11-26
308922,Bubalus mindorensis ,塔摩洛水牛,,2012-11-26
308923,Bubalus depressicornis ,安諾亞低地水牛,,2012-11-26
308924,Bubalus bubalis ,亞洲水牛,,2012-11-26
308925,Bubalus ,亞洲水牛（屬）,,2012-11-26
308926,BRYOZOA,蘚苔動物門,,2012-11-26
308927,Bryophilinae,苔蘚夜蛾亞科,,2012-11-26
308928,bruxism,睡中磨牙,,2012-11-26
308929,brush border,刷毛緣,,2012-11-26
308930,Brunner's gland; duodenal gland,布倫納氏腺；十二指腸腺,,2012-11-26
308931,bruit,雜音,,2012-11-26
308932,bruisability,易淤血,,2012-11-26
308933,BRUCHIDAE,豆象科,,2012-11-26
308934,Brucellosis,布魯士菌病,,2012-11-26
308935,broncho-mediastinal lymphatic duct,支氣管縱隔淋巴管,,2012-11-26
308936,Brownian movement,勃朗氏運動,,2012-11-26
308937,Brown Wood-owl,褐林鴞,,2012-11-26
308938,Brown Wood Frog,拉都希氏蛙,,2020-03-13
308939,brown tumor,棕色瘤,,2012-11-26
308940,Brown treefrog; Robust Buerger's Frog; Buergeria robustus ,褐樹蛙,,2012-11-26
308941,Brown Shrike,紅尾伯勞,,2012-11-26
308942,Brown Noddy,玄燕鷗,,2012-11-26
308943,brown rat,褐鼠,,2012-11-26
308944,brown layer; lamina fusca,褐色層,,2012-11-26
308945,Brown Grass Lizard,蓬萊草蜥,,2020-03-09
308946,Brown Forest Skink,印度蜓蜥,,2020-03-11
308947,brown fat,棕色脂肪,,2012-11-26
308948,brown country-rat,小黃腹鼠,,2012-11-26
308949,Brown Bullfinch,褐鶯,,2012-11-26
308950,brown bodies,褐腺,,2012-11-26
308951,brown bear; grizzly bear,棕熊；灰熊,,2012-11-26
308952,Brown Basiliscus,褐雙冠蜥,,2020-03-11
308953,brow spot,額點；額器,,2012-11-26
308954,Broyula formosae ,台灣鬚鼬[魚尉],,2012-11-26
308955,Brookesia minima,侏儒枯葉變色龍,,2020-03-18
308956,brood pouch,育兒袋,,2012-11-26
308957,brood organ,育幼器,,2012-11-26
308958,brood gallery,母孔,,2012-11-26
308959,brood chamber,育幼室,,2012-11-26
308960,brood capsule,育幼囊,,2012-11-26
308961,brood,養育的；同窩,,2012-11-26
308962,Bronzed Drongo,小卷尾,,2012-11-26
308963,Bronze Mabuya,斑南蜥,,2020-03-09
308964,bronze disease,青銅病,,2012-11-26
308965,bronze diabetes,青銅色糖尿病,,2012-11-26
308966,Brontotherium ,雷獸（屬）,,2012-11-26
308967,Brontosaurus ,雷龍（屬）,,2012-11-26
308968,Brontopus,雷獸,,2012-11-26
308969,Brontispa longissima  Gestro,椰子扁金花蟲；椰子紅胸葉蟲,,2012-11-26
308970,bronchus (pl. -chi),支氣管；支氣管,,2012-11-26
308971,bronchopulmonary,支氣管與肺的,,2012-11-26
308972,bronchopneumonia,支氣管肺炎,,2012-11-26
308973,broncho-oesophageal artery,支氣管食道動脈,,2012-11-26
308974,bronchodilation,支氣管擴張,,2012-11-26
308975,bronchoconstriction,支氣管收縮,,2012-11-26
308976,bronchitis,支氣管炎,,2012-11-26
308977,bronchiolitis,細支氣管炎,,2012-11-26
308978,bronchioles; bronchial,小氣管；細支氣管,,2012-11-26
308979,bronchiectasis,支氣管擴張,,2012-11-26
308980,bronchial vein,支氣管靜脈,,2012-11-26
308981,bronchial stenosis,支氣管狹窄,,2012-11-26
308982,bronchial obstruction,支氣管梗阻,,2012-11-26
308983,bronchial lymph gland,支氣淋巴結,,2012-11-26
308984,bronchial gland,支氣管腺,,2012-11-26
308985,bronchial constriction,支氣管收縮,,2012-11-26
308986,bronchial cartilage,支氣管軟骨,,2012-11-26
308987,bronchial bud,支氣管芽；氣管芽,,2012-11-26
308988,bronchial branches; bronchioles,小氣管,,2012-11-26
308989,bronchial asthma,支氣管哮喘,,2012-11-26
308990,bronchial artery,支氣管動脈,,2012-11-26
308991,bronchial adenoma,支氣管腺瘤,,2012-11-26
308992,bronchial,支氣管的,,2012-11-26
308993,bromelin,鳳梨酶,,2012-11-26
308994,bromatology,飲食學,,2012-11-26
308995,Broca's speech area,布洛卡說話區,,2012-11-26
308996,broad-muzzled whiskered bat,寬吻髭蝠,,2012-11-26
308997,broad-β disease,寬β病,,2012-11-26
308998,broad ligament,闊韌帶,,2012-11-26
308999,broad-leaved evergreen forest,常綠闊葉林,,2012-11-26
309000,Broad-Head Skink,寬頭石龍子,,2020-03-18
309001,broad fascia,闊肌膜,,2012-11-26
309002,broad fish tapeworm,裂頭絛蟲；闊節絛蟲,,2012-11-26
309003,brittle star,陽遂足；蛇尾類,,2012-11-26
309004,bristle,硬毛；剛毛；鬃,,2012-11-26
309005,Bridled Tern,白眉燕鷗,,2012-11-26
309006,bridled dolphin,斑海豚,,2012-11-26
309007,Brevipalpus phoenicis  (Geijskes),紫偽菜蟎,,2012-11-26
309008,Brevipalpus obovatus  Donnadieu,卵型偽葉蟎；錫蘭偽葉蟎；奧波維他擬葉蟎,,2012-11-26
309009,BREVICIPITIDAE,狹口蛙科,,2012-11-26
309010,Brevicoryne brassicae  (Linnaeus),菜蚜,,2012-11-26
309011,Breviceps,鈍頭蛙,,2012-11-26
309012,Breona ,為線蛇胎（屬）（異名）,,2012-11-26
309013,breeding season,繁殖期；產期,,2012-11-26
309014,BREGMACEROTIDAE,海[魚胡]鰍科；犀鱈科,,2012-11-26
309015,breeding range,繁殖幅度,,2012-11-26
309016,breeding plumage,婚羽,,2012-11-26
309017,breeding migration,繁殖迴游,,2012-11-26
309018,breeding cage,養蟲箱,,2012-11-26
309019,breeding,育種,,2012-11-26
309020,breathing,呼吸,,2012-11-26
309021,breast-feeding,哺母乳,,2012-11-26
309022,breast plate,胸甲,,2012-11-26
309023,breast hypoplasic,乳房發育不全,,2012-11-26
309024,breast carcinoma,乳房癌,,2012-11-26
309025,breast bone,胸骨,,2012-11-26
309026,breast adenomatosis,乳腺瘤,,2012-11-26
309027,breast,胸；乳房,,2012-11-26
309028,breakbone fever,登革熱,,2020-03-09
309029,BRAULIDAE,蜜蜂蝨蠅科,,2012-11-26
309030,BRANCHIOSTOMATIDAE,文昌魚科,,2012-11-26
309031,BRANCHIURA,鰓尾目,,2012-11-26
309032,Branchiostoma ,鰓口文昌魚（屬）,,2012-11-26
309033,Branchiostegus japonicus ,馬頭魚,,2012-11-26
309034,Branchiostegus auratus ,斑鰭馬頭魚,,2012-11-26
309035,Branchiostegus albus ,白馬頭魚,,2012-11-26
309036,branchiostegite; branchiostegum,鰓覆,,2012-11-26
309037,BRANCHIOSTEGIDAE,馬頭魚科,,2012-11-26
309038,branchiostegal rays,鰓蓋條；鰓被架,,2012-11-26
309039,branchiostegal membrane,鰓蓋膜；鰓被,,2012-11-26
309040,branchiostegal,鰓被架；鰓被,,2012-11-26
309041,Branchiosaurus ,鰓龍（屬）,,2012-11-26
309042,BRANCHIOPODA,鰓腳（亞綱）,,2012-11-26
309043,branchiopneustic,鰓呼吸式,,2012-11-26
309044,branchiomerism,鰓節,,2012-11-26
309045,branchiomeric muscle,鰓節肌,,2012-11-26
309046,branchiomere,鰓原節,,2012-11-26
309047,branchiointestinal nerve,鰓腸神經,,2012-11-26
309048,branchiogenital region,鰓殖區,,2012-11-26
309049,branchihyla,鰓舌骨,,2012-11-26
309050,branchicolous,鰓棲性寄生,,2012-11-26
309051,branchiate,有鰓的,,2012-11-26
309052,branchial system,鰓系,,2012-11-26
309053,branchial skeleton,鰓部骨骼,,2012-11-26
309054,branchial siphon,入鰓水管,,2012-11-26
309055,branchial sinus,鰓（淋巴）竇,,2012-11-26
309056,branchial region,鰓區,,2012-11-26
309057,branchial rays,鰓條,,2012-11-26
309058,branchial muscle,鰓肌,,2012-11-26
309059,branchial heart,鰓心,,2012-11-26
309060,branchial groove,鰓溝,,2012-11-26
309061,branchial ganglion,鰓神經結,,2012-11-26
309062,branchial fistula,鰓瘻,,2012-11-26
309063,branchial filament,鰓絲,,2012-11-26
309064,branchial duct,鰓管,,2012-11-26
309065,branchial cyst,鰓瘤,,2012-11-26
309066,branchial cornu,鰓角,,2012-11-26
309067,branchial cleft; gill slit,鰓裂,,2012-11-26
309068,branchial chamber; gill chamber,鰓室,,2012-11-26
309069,branchial cavity,鰓腔,,2012-11-26
309070,branchial basket,鰓籠；氣管鰓簍,,2012-11-26
309071,branchial artery,鰓動脈,,2012-11-26
309072,branchial arch; gill-arch,鰓弧,,2012-11-26
309073,branchial aperture,鰓腔口,,2012-11-26
309074,branchial,鰓的,,2012-11-26
309075,branchia (pl. -iae),鰓,,2012-11-26
309076,branches; brochiolis,小氣管,,2012-11-26
309077,branch chain,支鏈,,2012-11-26
309078,BRAMIDAE,烏魴科,,2012-11-26
309079,Brama japonica ,日本烏魴,,2012-11-26
309080,brain-gut axis,腦-腸軸,,2012-11-26
309082,brain vesicle,腦胞,,2012-11-26
309083,brain stem,腦幹,,2012-11-26
309084,brain sand; acervulus cerebri; corpora arenacea,腦砂,,2012-11-26
309085,brain rudiment,腦膜；腦原基,,2012-11-26
309086,brain mantle,腦皮,,2012-11-26
309087,brain fold,腦褶,,2012-11-26
309088,brain case; cranium,顱骨,,2012-11-26
309089,brain,腦,,2012-11-26
309090,Brahminy Blind Snake,盲蛇；鉤盲蛇,,2020-03-09
309091,BRAHMAEIDAE,籮紋蛾科,,2012-11-26
309092,bradytocia,慢產,,2012-11-26
309093,Bradypus variegatus ,玻利維亞樹懶（獺）,,2012-11-26
309094,Bradypus tridactylus ,三趾樹懶（獺）,,2012-11-26
309095,Bradypus ,三趾樹懶（屬）,,2012-11-26
309096,BRADYPODOIDEA,緩腳類,,2012-11-26
309097,BRADYPODIDAE,樹獺科,,2012-11-26
309098,BRADYODONTI,緩齒目,,2012-11-26
309099,bradykinin,緩激肽；緩動素,,2012-11-26
309100,bradyglossia,言語徐緩,,2012-11-26
309101,bradycardia,心搏過緩；心動徐緩,,2012-11-26
309102,BRADYBAENIDAE,扁蝸牛科；布來蝸牛科,,2012-11-26
309103,Bradina admixtalis  (Walker),稻卷葉螟,,2012-11-26
309104,BRACONIDAE,小繭蜂科,,2012-11-26
309105,Bradypterus seebohmi ,台灣叢樹鶯；褐色叢樹鶯,,2012-11-26
309106,Brachytrupes portentosus  (Lichtenstein),台灣大蟋蟀,,2012-11-26
309107,Brachyteles arachnoides ,捲毛蜘蛛猴,,2012-11-26
309108,BRACHYPTERACIIDAE,地寶鳥科,,2012-11-26
309109,BRACHYPODIDAE,鵯科,,2012-11-26
309110,brachymitosis,簡略有絲分裂,,2012-11-26
309111,brachymetropia,近視,,2012-11-26
309112,brachymeiosis,簡略減數分裂,,2012-11-26
309113,Brachylophus ,墨西哥海鬣蜥（屬）,,2012-11-26
309114,brachydont; brachyodont,低冠齒,,2012-11-26
309115,brachydactylia; brachydactyly,短指畸形,,2012-11-26
309116,BRACHYCONIDAE,小繭蜂科,,2012-11-26
309117,brachycerous,短角的；短觸角的,,2012-11-26
309118,Brachycera,短角亞目,,2012-11-26
309119,brachycephaly,短頭（畸形）,,2012-11-26
309120,BRACHYCEPHALIDAE,短頭蟾科,,2012-11-26
309121,brachycephalic,短顱的,,2012-11-26
309122,Brachylophus fasciatus,斐濟斑鬣蜥,,2020-03-18
309123,Brachycaudus helichrysi  (Kaltenbach),舌尾蚜,,2012-11-26
309124,brachium quadrigeminum,丘臂,,2012-11-26
309125,brachium pontis,腦橋臂,,2012-11-26
309126,brachium conjunctivum,結合臂,,2012-11-26
309127,brachium (pl. -ia),臂；口腕,,2012-11-26
309128,brachio-ulnar lymph-sac,肱尺淋巴囊,,2012-11-26
309129,Brachiosaurus ,腕龍（屬）,,2012-11-26
309130,brachio-radial lymph-sac,肱橈淋巴囊,,2012-11-26
309131,BRACHIOPODA,腕足動物門,,2012-11-26
309132,BRACHIONICHTHYIDAE,澳洲躄魚科,,2012-11-26
309133,brachiole,小腕,,2012-11-26
309134,brachiolaria,小腕蚴；小腕幼蟲,,2012-11-26
309135,brachiocephalic vein,頭肱靜脈,,2012-11-26
309136,brachiocephalic artery,頭肱動脈,,2012-11-26
309137,brachiocephalic,頭肱的,,2012-11-26
309138,brachiator,臂躍動物,,2012-11-26
309139,brachiation,臂躍行動,,2012-11-26
309140,BRACHIATA,有腕動物；有鬚動物,,2020-03-19
309141,brachialis muscle,肱肌,,2012-11-26
309142,brachialia,腕板,,2012-11-26
309143,brachial vein,肱靜脈；臀脈,,2012-11-26
309144,brachial plexus,肱神經叢,,2012-11-26
309145,brachial patella,臂髕；吸附節,,2012-11-26
309146,brachial ossicles,鰭基小骨,,2012-11-26
309147,brachial nervures,腕脈,,2012-11-26
309148,brachial muscle,肱肌,,2012-11-26
309149,brachial groove,腕溝,,2012-11-26
309150,brachial gland,鰓腺,,2012-11-26
309151,brachial cavity; mantle cavity,外套腔；套膜腔,,2012-11-26
309152,brachial artery,肱動脈,,2012-11-26
309153,brachial,肱的；腕的；臂的,,2012-11-26
309154,Bowring's Gecko,無疣蝎虎,,2020-03-09
309155,Bowman's gland,鮑氏腺；嗅黏膜腺,,2012-11-26
309156,Bowman's capsule,鮑氏囊；腎球囊；脈球囊,,2020-03-19
309157,bowfin; Amia ,弓鰭魚,,2012-11-26
309158,Bowerbird,亭鳥；園丁鳥,,2012-11-26
309159,BOVIDAE,牛科,,2012-11-26
309160,BOVICHTIDAE (BOVICHTHYIDAE),牛魚科,,2012-11-26
309161,Bourneville's disease,布爾納維氏病；腦結節狀硬化,,2012-11-26
309162,boundary layer effect,界層效應,,2012-11-26
309163,botulisim toxin; botulismus,臘腸毒素,,2012-11-26
309164,bottle-nosed dolphin,南方海豚,,2012-11-26
309165,bottleneck effect,變異受阻效應,,2012-11-26
309166,BOTHVERGIDAE,濱鼠科,,2012-11-26
309167,Bothus pantherinus ,豹紋鮃,,2012-11-26
309168,Bothus mancus ,蒙鮃；凹吻鮃,,2012-11-26
309169,bothrium,吸溝,,2012-11-26
309170,Bothriodon,炭獸,,2012-11-26
309171,BOTHRIOCEPHALOIDEA,裂頭條蟲科,,2012-11-26
309172,bothridium; phyllidium,吸葉；裂片,,2012-11-26
309173,BOTHIDAE,鮃科,,2012-11-26
309174,botany,植物學,,2012-11-26
309175,BOSTRYCHIDAE,長蠹蟲科,,2012-11-26
309176,BOSTRICHIDAE,長蠹蟲科,,2012-11-26
309177,Bos taurus ,家牛,,2012-11-26
309178,Bos sauveli ,考布利牛,,2012-11-26
309179,Bos primgenius ,原牛,,2012-11-26
309180,Bos mutus ,犛牛,,2012-11-26
309181,Bos javanicus ,爪哇牛,,2012-11-26
309182,Bos grunniens ,犁牛,,2012-11-26
309183,Bos gaurus ,揭牛；野牛,,2012-11-26
309184,Bos ,牛（屬）,,2012-11-26
309185,Borsoniinae,波松螺亞科,,2012-11-26
309186,Borhyaena,原鬣帶狗,,2012-11-26
309187,BOREIDAE,雪舉尾蟲科,,2012-11-26
309188,boreal Pacific province,北太平洋生物區,,2012-11-26
309189,boreal Atlantic province,北大西洋生物區,,2012-11-26
309190,boreal,北方的；北方生物帶,,2012-11-26
309191,bordered pit,沿緣紋孔,,2012-11-26
309192,BORBOTIDAE,糞蠅科,,2012-11-26
309193,book lung,書肺,,2012-11-26
309194,book louse (pl. -lice),書蠹；白書生；書蛀蟲,,2012-11-26
309195,book gill,書鰓,,2012-11-26
309196,BOOIDEA,蚺蛇次亞目,,2012-11-26
309197,Booby,鰹鳥,,2012-11-26
309198,bony scute,骨盾,,2012-11-26
309199,bony scale,骨鱗,,2012-11-26
309200,bony plate,骨板,,2012-11-26
309201,bony labyrinth,骨質迷路,,2012-11-26
309202,bony exostosis,外生骨疣,,2012-11-26
309203,bony dermal plate,皮質骨板,,2012-11-26
309204,bony cranium,骨顱,,2012-11-26
309205,bony armor,骨質甲冑,,2012-11-26
309206,bony cochlea,骨（耳）蝸,,2012-11-26
309207,bony,骨質的,,2012-11-26
309208,bonitos,狐鰹類,,2012-11-26
309209,bone tissue,骨組織,,2012-11-26
309210,bone turnover,骨更新,,2012-11-26
309211,bone substance,硬骨質,,2012-11-26
309212,bone resorption,骨吸收（作用）,,2012-11-26
309213,bone remodeling unit,骨再成型單位,,2012-11-26
309214,bone modeling,骨再塑,,2012-11-26
309215,bone mineralization,骨礦化（作用）,,2012-11-26
309216,bone mineral apposition rate,骨礦質接合（聚合）速率,,2012-11-26
309217,bone mineral,骨礦質,,2012-11-26
309218,bone matrix,骨基質,,2012-11-26
309219,bone marrow,骨髓,,2012-11-26
309220,bone GLA protein,骨鈣蛋白,,2012-11-26
309221,bone formation,骨形成,,2012-11-26
309222,bone enzyme,骨酶,,2022-06-08
309223,bone disease,骨病,,2012-11-26
309224,bone density,骨密度,,2012-11-26
309225,bone densitometry,骨質密度測定,,2012-11-26
309226,bone corpuscle; bone cell,骨小體,,2012-11-26
309227,bone cell; osteocyte; bone corpuscle,骨細胞,,2012-11-26
309228,bone canaliculus,骨小管,,2012-11-26
309229,bone black,骨炭；動物炭,,2012-11-26
309230,bone biopsy,骨生檢,,2012-11-26
309231,bone age,骨齡,,2012-11-26
309232,bone,骨；硬骨,,2012-11-26
309233,bonds; chemical,化學鍵,,2012-11-26
309234,Bombyx ,家蠶蛾（屬）,,2012-11-26
309235,BOMBYLIIDAE,長吻虻科,,2012-11-26
309236,BOMBYCILLIDAE,太平鳥科,,2012-11-26
309237,BOMBYCIDAE,蠶蛾科,,2012-11-26
309238,BOMBINIDAE,警鐘蟾科,,2012-11-26
309239,Bombina maxima ,大蹼鈴蟾,,2012-11-26
309240,Bombina ,警鐘蟾（屬）,,2012-11-26
309241,bombesin,鈴蟾素,,2012-11-26
309242,Bombay ducks,孟買鴨魚類,,2012-11-26
309243,bomb fly,牛蠅,,2012-11-26
309244,BOLYERIIDAE,雷蛇科,,2012-11-26
309245,Bolyeria multocarinata ,摩里西斯蚺蛇,,2012-11-26
309246,bolus,食團,,2012-11-26
309247,Boleophthalmus pectinirostris ,大彈塗魚,,2012-11-26
309248,Boiginae,林遊蛇亞科,,2012-11-26
309249,Boiga kraepelini,大頭蛇,,2020-03-06
309250,Boiga dendrophila melanota,黃環林蛇；紅樹林蛇,,2020-03-09
309251,Boiga ,大頭蛇（屬）,,2012-11-26
309252,BOIDAE,蚺科,,2012-11-26
309253,Bohr effect,波耳氏效應,,2012-11-26
309254,bog,酸性沼地,,2012-11-26
309255,body wall,體壁,,2012-11-26
309256,body stalk,體柄；臍帶,,2012-11-26
309257,body fold,體褶,,2012-11-26
309258,body fluid,體液,,2012-11-26
309259,body disk,體盤,,2012-11-26
309260,body cavity,體腔,,2012-11-26
309261,Bodianus perditio ,紅狐鯛,,2012-11-26
309262,Bodianus oxycephalus ,尖頭狐鯛,,2012-11-26
309263,Bodianus bimaculatus ,雙斑普提魚,,2012-11-26
309264,boar,豬,,2012-11-26
313195,Boa dumerili,杜梅瑞氏蚺,,2020-03-06
313196,Boa constrictor ; Boa Constrictor,巨蚺；紅尾蚺,,2012-11-26
313198,BMI; body mass index,身體質量指數,,2012-11-26
313199,blue-white dolphin,條紋原海豚,,2012-11-26
313200,Blue-tailed Bee-eater,栗喉蜂虎,,2012-11-26
313201,Blue-tail Day Gecko,藍尾日守宮,,2020-03-13
313203,blue-green algae,藍綠藻,,2012-11-26
313204,blue spot,藍點,,2012-11-26
313205,blue nevus,青色痣,,2012-11-26
313206,Blue Malaysian Coral Snake,爪哇長腺蛇,,2020-03-06
313207,blue baby,藍嬰,,2012-11-26
313208,blood-testis barrier,血睪障,,2012-11-26
313209,blood-brain barrier,血腦障,,2012-11-26
313210,blood vessel,血管,,2012-11-26
313212,blood vascular system,血管系統,,2012-11-26
313215,blood type,血型,,2012-11-26
313216,blood transfusion,輸血,,2012-11-26
313217,blood sugar level,血糖水準,,2012-11-26
313218,blood sucking bat,吸血蝠,,2012-11-26
313219,blood sugar,血糖,,2012-11-26
313220,blood sucker,吸血蛭,,2012-11-26
313221,blood sinus,血竇,,2012-11-26
313222,blood shadow,血影,,2012-11-26
313223,blood serum,血清,,2012-11-26
313224,blood relation,血親,,2012-11-26
313225,Blood Python,血蟒,,2020-03-09
313226,blood protein,血蛋白,,2012-11-26
313227,blood pressure regulation,血壓調節,,2012-11-26
313228,blood pressure homeostasis,血壓恆定,,2012-11-26
313229,blood pressure,血壓,,2012-11-26
313230,blood platelets,血小板,,2012-11-26
313231,blood plasma,血漿,,2012-11-26
313232,blood lymph; haemolymph,血淋巴,,2012-11-26
313233,blood lacunar system,血液竇隙系統,,2012-11-26
313234,blood island; blood anlage; haemangioblast,血島,,2012-11-26
313235,blood group,血型,,2012-11-26
313236,blood glucose,血（葡萄）糖,,2012-11-26
313237,blood gill,血鰓,,2012-11-26
313238,blood fluke,血吸蟲,,2012-11-26
313239,blood dyscrasia,惡血質；血性惡液質,,2012-11-26
313240,blood dust; haemoconia,血塵,,2012-11-26
313241,blood corpusele; haemacyte,血球,,2012-11-26
313242,blood coagulation,凝血作用,,2012-11-26
313243,blood cell,血球；血細胞,,2012-11-26
313244,blindness,盲目,,2012-11-26
313245,blind spot,盲點,,2012-11-26
313246,blind snakes,盲蛇科,,2012-11-26
313247,blind ocellus,盲單眼,,2012-11-26
313248,blind foramen,盲孔,,2012-11-26
313249,blind,盲,,2012-11-26
313250,blepharoplast,毛基體,,2020-03-06
313251,blepharoconjunctivitis,瞼結膜炎,,2012-11-26
313252,BLEPHAROCERIDA,綱紋科,,2012-11-26
313253,BLENNIIDAE,[魚尉]科,,2012-11-26
313254,blending inheritance,融合遺傳,,2012-11-26
313255,blending character,融合性狀,,2012-11-26
313256,bleeding time,出血延續時間；凝血時間,,2012-11-26
313257,bleeder disease,血友病,,2020-03-11
313258,BLATTIDAE,蜚蠊科,,2012-11-26
313259,BLATTARIA,蜚蠊目,,2012-11-26
313260,blastulation,囊胚形成,,2012-11-26
313261,blastula stage,囊胚期,,2012-11-26
313262,blastula,囊胚,,2012-11-26
313263,blastoprolepsis,發育迅速,,2012-11-26
313264,blastopore; prostoma; archiostoma,胚孔；原口,,2012-11-26
340383,blastopore rest,胚乳痕；原口痕,,2012-11-26
340384,blastophyllum,原胚葉,,2012-11-26
340385,blastophere; blastodermic vesicle,囊胚球；胚球,,2012-11-26
340386,blastomycosis,芽生菌病,,2012-11-26
340387,blastomere,分裂球；分割球,,2012-11-26
340388,blastokinesis,胚動；胎動,,2012-11-26
340389,blastogenesis,胚芽生殖；芽生法；芽生,,2012-11-26
340390,blastodermic vesicle,胚盤囊；胚胞,,2012-11-26
340391,blastodermal ectoderm,胚盤外胚層,,2012-11-26
340392,blastoderm; blastodisc; germinal disc,胚盤；囊胚層,,2012-11-26
340393,blastoderm membrane,胚盤膜,,2012-11-26
340394,blastoderm cells,胚盤細胞,,2012-11-26
340395,blastocyte,胚細胞,,2012-11-26
340396,blastocyst,胚胞,,2012-11-26
340397,blastocone,胚錐,,2012-11-26
340398,blastocolysis,發育暫停；發育停止,,2012-11-26
340399,blastocoele; blastocele; cleavage cavity,分割腔；囊胚腔,,2012-11-26
340400,Blastocervus dichotomus ,沼澤鹿,,2012-11-26
340401,Blanus cinereus,地中海蚓蜥,,2020-03-06
340402,Blandford's Flying Dragon,裸耳飛蜥,,2020-03-13
340403,Blainville's beaked whale,柏氏中喙鯨,,2012-11-26
340404,bladder; urinary,膀胱,,2012-11-26
340405,bladder; swim,泳鰾,,2012-11-26
340406,bladder; gall,膽囊,,2012-11-26
340407,bladder; carcinoma of,膀胱癌,,2012-11-26
340408,bladder worm,囊尾蚴；囊尾幼蟲,,2012-11-26
340409,bladder,囊；膀胱,,2012-11-26
340410,Black-naped Oriole,黃鸝,,2012-11-26
340411,Black-naped Blue Monarch,黑枕藍鶲,,2012-11-26
340412,Black-lipped Sea Krait; Laticauda laticauda ,黑唇青斑海蛇,,2012-11-26
340413,Black-headed Shrike,棕背伯勞,,2012-11-26
340414,Black-faced Spoonbill,黑面琵鷺,,2012-11-26
340415,Black-faced Bunting,黑臉鵐,,2012-11-26
340416,Black-crowned Night-Heron,夜鷺,,2012-11-26
340417,black water fever,黑水熱,,2012-11-26
340418,black tongue,黑舌病,,2020-03-11
340419,Black Stork,黑鸛,,2012-11-26
340420,black rice bug,黑椿象,,2012-11-26
340421,black rate,玄鼠,,2012-11-26
340422,Black Paradise Flycatcher,綬帶鳥,,2012-11-26
340423,Black Odd-scaled Snake,標蛇,,2020-03-11
340424,Black Kite,老鷹,,2012-11-26
340425,Black foot disease,烏腳病,,2012-11-26
340426,Black Eagle,林鵰,,2012-11-26
340427,Black Drongo,大卷尾；烏秋,,2012-11-26
340428,black death,黑死病；鼠疫,,2020-03-09
340429,Black Bulbul,紅嘴黑鵯,,2012-11-26
340430,Black Blind Snake,戈氏細盲蛇,,2020-03-09
340431,black bear,黑熊；熊,,2012-11-26
340432,Black Banded Trinket Snake; Elaphe poryphyracea nigrofasciata ,紅竹蛇,,2012-11-26
340433,bivoltine,二化（蠶）,,2012-11-26
340434,bivium,二道體區,,2012-11-26
340435,bivalvia,雙殼類,,2012-11-26
340436,bivalve,二片介殼的,,2012-11-26
340437,bivalent chromosome,雙價染色體,,2012-11-26
340438,bivalent,二價體,,2012-11-26
340439,biuret test,雙脲試驗,,2012-11-26
340440,biuret reaction,雙脲反應,,2012-11-26
340441,bittern,麻鷺,,2012-11-26
340442,biuret,雙脲；貳縮脲,,2012-11-26
340443,BITTACIDAE,擬大蚊科,,2012-11-26
340444,Bitis gabonica,加彭膨【虫奎】,,2020-03-06
340445,biting mouth part,咀嚼口器,,2012-11-26
340446,biting louse,羽蝨；咬蝨,,2012-11-26
340447,biting insect,咀嚼昆蟲,,2012-11-26
340448,bisymmetrical type,雙輻射稱型；雙輻式,,2012-11-26
340449,biting,咬；咀嚼,,2012-11-26
340450,Biton marginata  Shiraki,圖紋尺蠖,,2012-11-26
340451,bison,野牛,,2012-11-26
340454,bisexuality,兩性現象,,2012-11-26
340455,bisexual reproduction,兩性生殖,,2012-11-26
340456,bisexual paedogenesis,幼體兩性生殖,,2012-11-26
340457,bisexual hybird,兩性雜種,,2012-11-26
340458,bisexual gland,兩性腺,,2012-11-26
340459,bisexual female,兩性雌蟲,,2012-11-26
340460,bisexual,兩性的；兼具兩性器官的,,2012-11-26
340461,biserrate antennae,重鋸齒觸角,,2012-11-26
340462,biserial crochet,雙列趾,,2012-11-26
340463,birth rate,出生率,,2012-11-26
340464,birth opening,產孔,,2012-11-26
340465,birth defects,先天缺陷,,2012-11-26
340466,birth control,節育,,2012-11-26
340467,birth,生產；分娩,,2012-11-26
340468,BIRKENIAE,長鱗魚目（化石）,,2012-11-26
340469,Birgus latro ,椰子蟹；八卦蟹,,2012-11-26
340470,birefringence,雙折光性,,2012-11-26
340471,biramous,二分枝的,,2012-11-26
340472,bipolarity,雙極性,,2012-11-26
340473,bipolar neuron,雙極神經元（細胞）,,2012-11-26
340474,bipolar neuroblast,雙極神經母細胞,,2012-11-26
340475,bipolar nerve cell,雙極神經細胞（元）,,2012-11-26
340476,bipolar,雙極的,,2012-11-26
340477,bipinnaria,羽狀蚴；羽腕幼蟲,,2012-11-26
340478,Bipes biporus,五趾雙足蚓蜥,,2020-03-06
340479,bipenniform,羽狀的,,2020-03-19
340480,bipennate muscle,羽狀肌；整羽狀肌,,2012-11-26
340481,bipennate,羽狀的,,2020-03-19
340482,BIPEDIDAE,雙足蚓蜥科,,2020-03-11
340483,bipedal,雙足的；二足類的,,2012-11-26
340484,bipectinate gill,雙櫛鰓,,2012-11-26
340485,bipartite uterus,對分子宮,,2012-11-26
340486,biozone,生物地層,,2012-11-26
340487,biotype,同基型生物,,2012-11-26
340488,biotoxin,生物毒素,,2012-11-26
340489,biotope,群生小區；生活小區,,2012-11-26
340490,biotomy,生體解剖,,2012-11-26
340491,biotin; antiavidin,生物素,,2012-11-26
340492,biotic potential,生物潛能,,2012-11-26
340493,biotic formation; biome,生物群系,,2012-11-26
340494,biotic community,生物群集,,2012-11-26
340495,biotic,生物的,,2012-11-26
340496,biotheraphy,生物療法,,2012-11-26
340497,biotechnology,生物技術,,2012-11-26
340498,biotaxy,生物系統學,,2012-11-26
340499,biota,生物相；生物區,,2012-11-26
340500,biosynthesis,生物合成,,2012-11-26
340501,biosphere,生物圈；生界,,2012-11-26
340502,biopsy,活組織檢驗,,2012-11-26
340503,bioplasm; protoplasm,原生質,,2012-11-26
340504,biophysics,生物物理學,,2012-11-26
340505,biophotometer,生物光度儀,,2012-11-26
340506,biont,有機體；生物,,2012-11-26
340507,bionomics; bionomy; auteology,個體生態學,,2012-11-26
340508,biometrics; biometry,生物統計學,,2012-11-26
340509,biometrical genetics,統計遺傳學,,2012-11-26
340510,biomechanics,生機學,,2012-11-26
340511,biome,生物群系；生域,,2012-11-26
536517,biomass,生物量,,2012-11-26
536518,bioluminescence,生物發光,,2012-11-26
536519,biology,生物學,,2012-11-26
536520,biological strain,生物品系,,2012-11-26
536521,biological species; ecological species,生態種,,2012-11-26
536522,biological rhythms,生物周期性,,2012-11-26
536523,biological organization,生物組織化作用,,2012-11-26
536524,biological magnification,生物放大作用,,2012-11-26
536525,biological control,生物防治,,2012-11-26
536526,biological clock,生物時鐘,,2012-11-26
536527,biological barrier,生物界限；生物阻隔,,2012-11-26
536528,biological assay,生物鑑定；生物鑑視法,,2020-03-09
536529,biological,生物學的；生物的,,2012-11-26
536530,bioinformatics,生物資訊學,,2012-11-26
536531,biograph,生物運動攝影器,,2012-11-26
536532,biogeography,生物地理學,,2012-11-26
536533,biogeochemical cycle,生物地質化學循環,,2012-11-26
536534,biogenetic law,生源律,,2012-11-26
536535,biogenesis,生源說,,2012-11-26
536536,biofeedback,生物回饋,,2012-11-26
536537,bioenergetics,生物能量學,,2012-11-26
536538,biodiversity,生物多樣性,,2012-11-26
536539,biodegradable,生物分解,,2012-11-26
536540,biocytin,生活細胞素,,2012-11-26
536541,biocoenosis; biocoenose,生物群集,,2012-11-26
536542,bioclimography,生物氣候圖,,2012-11-26
536543,biochemistry,生物化學,,2012-11-26
536544,biochemical relationship,生化的關係,,2012-11-26
536545,biochemical mutant,生化突變體,,2012-11-26
536546,biochemical homology,生化同構；生化同源,,2012-11-26
536547,biochemical genetics,生化遺傳學,,2012-11-26
536548,biochemical activity,生化活動；生化作用,,2012-11-26
536549,biochemical,生化的,,2012-11-26
536550,biocatalyst; enzyme,生物催化劑；酶,,2012-11-26
536551,bioblast,原生粒,,2012-11-26
536552,bioassay,生物鑑定；生物鑑視法,,2020-03-09
536553,bioactive peptide,生物活化性肽,,2012-11-26
536554,binturong,熊貓,,2020-03-09
536555,binomial system of biologial nomenclature,生物命名的二名法系統,,2012-11-26
536556,binomial nomenclature,二名法,,2012-11-26
536557,binocular vision,雙眼視覺,,2012-11-26
536558,binding protein,結合蛋白,,2012-11-26
536559,binary fission,二分裂,,2012-11-26
536560,binary division,二分裂；均體分裂,,2012-11-26
536561,bimastism,雙乳房,,2012-11-26
536562,bimaculate,具二斑的,,2012-11-26
536563,bilophodont,雙脊齒型,,2012-11-26
536564,bilocular,具二室的,,2012-11-26
536565,bilobed pit,雙葉窩,,2012-11-26
536566,Billfishes,喙嘴魚類,,2012-11-26
536567,bill,喙,,2020-03-13
536568,biliverdin,膽綠素,,2012-11-26
536569,bilirubin; hematoidin,膽紅素,,2012-11-26
536570,bilipurpurin; bilipurpin,膽紫素,,2012-11-26
536571,bilinerurine; choline,膽鹼,,2012-11-26
536572,bilifuscin,膽褐素,,2012-11-26
536573,biliflavin,膽黃素,,2012-11-26
536574,bile salt,膽鹽,,2012-11-26
536575,bile pigment,膽色素,,2012-11-26
536576,bile juice,膽液,,2012-11-26
536577,bile duct,膽管,,2020-03-19
536578,bile cyst; cholicyst; gall bladder,膽囊,,2012-11-26
536579,bile acid; cholic acid; cholalic acid; cholanic acid,膽汁酸；膽酸,,2012-11-26
536580,bile,膽汁,,2012-11-26
536581,BILATERIA,兩側對稱動物,,2012-11-26
536582,bilateral type,兩側對稱式；均稱式,,2012-11-26
536583,bilateral symmetry,兩側對稱；左右對稱,,2012-11-26
536584,bilateral segmentation,兩側卵裂；兩邊分裂,,2012-11-26
536585,bilateral cortical necrosis,對稱性皮膚壞死,,2012-11-26
536586,bilateral,兩側的；左右相稱的,,2012-11-26
536587,BIH (benign intracranial hypertension),良性顱內高壓,,2012-11-26
536588,Big-Headed Turtle,大頭龜,,2020-03-19
536589,big-head snake,大頭蛇,,2012-11-26
536590,Big-Eye Rat Snake,過山刀,,2020-03-09
536591,bifurcation of trachea,氣管叉；氣管杈,,2012-11-26
536592,bifora,兩孔型,,2012-11-26
536593,biennial,二年生,,2012-11-26
536594,bidental; bidentale,具二齒的,,2012-11-26
536595,Bidder's organ; Bidder's protestis,畢德氏器；前睪,,2012-11-26
536596,Bidder's ganglion,畢德氏神經結,,2012-11-26
536597,Bidder's canal,畢德氏管,,2012-11-26
536598,bicuspid valve; valvula bicuspidalis,二尖瓣,,2012-11-26
536599,bicuspid teeth,二峰齒,,2012-11-26
536600,bicuspid,二峰的；二尖的,,2012-11-26
536601,bicornute uterus,雙角子宮,,2012-11-26
536602,biconvex vertebrae,兩凸型脊椎,,2012-11-26
536603,biconcave vertebrae; amphicoelous,兩凹椎,,2012-11-26
536604,bicipital tuberosity,橈隆起,,2012-11-26
536605,bicipital groove,隆間溝,,2012-11-26
536606,bicipital bursa,結間滑液囊,,2012-11-26
536607,bicipital,二頭的,,2012-11-26
536608,biceps muscle,二頭肌,,2012-11-26
536609,biceps monster,雙頭畸胎,,2012-11-26
536610,biceps femoris,肱二頭肌,,2012-11-26
536611,biceps brachii,肱二頭肌,,2012-11-26
536612,biceps,二頭肌；二頭的,,2012-11-26
536613,bicarbonate ion,重碳酸鹽離子,,2012-11-26
536614,bicarbonate,重碳酸鹽,,2012-11-26
536615,BIBIONIDAE,毛蠅科,,2012-11-26
536616,biarticulate tentacle,雙節觸手,,2012-11-26
536617,biarticulate antenna,雙節觸角,,2012-11-26
536618,biacetyl,二乙醯；雙乙醯,,2012-11-26
536619,between brain; diencephalon,間腦,,2012-11-26
536620,betaine,芐菜鹼；芐鹼,,2012-11-26
536621,β-endorphin,β內嗎啡,,2012-11-26
536622,β-carotene,β胡蘿蔔素,,2012-11-26
536623,β-blocker,β阻斷（物；劑）,,2012-11-26
536624,β tubulin,β-微管蛋白,,2012-11-26
536625,β waves,β波,,2012-11-26
536626,β pleated sheet,β褶疊片,,2012-11-26
536627,β oxidation,β氧化作用,,2012-11-26
536628,β-keto acyl Co A,β-酮基酯醯輔酶A,,2012-11-26
536629,β-keto acid activating enzyme,β-酮酸致活酶,,2012-11-26
536630,β-heterochromatin,β異染色體,,2012-11-26
536631,β-glucose,β葡萄糖,,2012-11-26
536632,β-globulin,β球蛋白,,2012-11-26
536633,β-globin,β球蛋白,,2012-11-26
536634,β-galactosidase,β半乳糖甘酶,,2012-11-26
536635,β-chain,β鏈,,2012-11-26
536636,β-cells; of pancreas,胰臟β細胞,,2012-11-26
536637,β-cell tumor,β細胞腫瘤,,2012-11-26
536638,β-cell,β-細胞,,2012-11-26
536639,β-adrenergic receptor,β腎上腺髓素受器,,2012-11-26
536640,beta; β,貝他；乙種,,2012-11-26
536641,BERYCOMORPHIDA,金眼鯛目,,2020-03-06
536642,BERYCOIDEA,金眼鯛總科,,2012-11-26
536643,BERYCIFORMES,金眼鯛目,,2020-03-06
536644,BERYCIDAE,金眼鯛科,,2012-11-26
536645,BEROTHIDAE,毛蜻蛉科,,2012-11-26
536646,BEROIDEA,瓜水母目,,2012-11-26
536647,beriberi,腳氣病,,2012-11-26
536648,benzol; benzone,苯,,2012-11-26
536649,benzoic acid,安息香酸；苯甲酸,,2012-11-26
536650,benzene; benzol; benzolum,苯,,2012-11-26
536651,benzamide,苯甲醯胺,,2012-11-26
536652,bent-winged bat,摺翅蝠,,2012-11-26
536653,Betongia penicillata ,西南澳短鼻【鼠+菐】,,2012-11-26
536654,Betongia lesueur ,勒氏短鼻【鼠+菐】,,2012-11-26
536655,Betongia gaimardi ,蓋氏短鼻【鼠+菐】,,2012-11-26
536656,Betongia cuniculus ,塔島短鼻【鼠+菐】,,2012-11-26
536657,Benthosema pterotum ,七星魚,,2012-11-26
536658,benthos,海底生物,,2012-11-26
536659,benthonic group,海底生物群,,2012-11-26
536660,Benthobatis moresbyi ,摩氏深海電鱝；深海電鱝,,2012-11-26
539819,benthivores,底食者,,2012-11-26
540006,benthic organisms,底樓生物,,2012-11-26
540863,BENTALIODA,象牙貝目,,2012-11-26
540864,benthal; benthic,海底樓息的,,2012-11-26
541011,BENTALIIDAE,象牙貝科,,2012-11-26
541018,benign tumor,良性瘤,,2012-11-26
541035,Bembrops heterurus ,尾斑掛帆鱚,,2012-11-26
541036,Bembrops filifera ,絲棘狀魚鯒,,2012-11-26
542785,Bembrops caudimacula ,尾斑掛帆鱚；尾斑鯒狀魚,,2012-11-26
542818,BEMBROPINAE,鯒形鰧亞目；鯒形魚亞科鯒,,2012-11-26
542842,BEMBROPIDAE,蛇鱸科；鯒狀魚科,,2012-11-26
542854,Bembras japonicus ,赤鯒,,2012-11-26
542891,Bembradinae,紅鯒亞科,,2012-11-26
542906,beluga,白鯨,,2012-11-26
542942,Beltian body,貝氏體,,2012-11-26
542993,BELOSTOMATIDAE,田龜科,,2012-11-26
543062,BELONTIIDAE,篦尾鱸科；格門魚科,,2012-11-26
543090,BELONORHYNCHII,針嘴目,,2012-11-26
543091,Belonoperca chabanaudi ,卡斑諾石斑；鱵鱸,,2012-11-26
543102,BELONIFORMES,鶴鱵目,,2012-11-26
543103,BELONIDAE,鶴鱵科,,2012-11-26
543119,Belonepterygion fasciolatum ,橫帶針鰭鮗,,2012-11-26
543256,Belomys pearsoni ,小鼯鼠,,2012-11-26
543280,Belomys ,毛足小鼯鼠（屬）,,2012-11-26
543307,bell toad,鐘蟾,,2012-11-26
543361,bell nucleus,鐘形細胞核,,2012-11-26
543374,bell,鐘；鐘狀物,,2012-11-26
543398,BELEMNOIDEA,箭石目,,2012-11-26
543444,behaviorism,行為學說,,2012-11-26
543469,behavioral isolation,行為隔離,,2012-11-26
543486,BEDOTIIDAE,貝道銀漢魚科；皮杜銀漢魚科,,2012-11-26
543597,beaver,海貍；海狸,,2012-11-26
543636,Beavan's Bullfinch,灰鷽,,2012-11-26
543733,Beauty Snake,錦蛇,,2020-03-11
543734,bear,熊,,2012-11-26
543735,beardfishes,雙鬚魚類,,2012-11-26
543749,Bearded Dragon,髭頰蜥,,2020-03-09
543820,beard,鬚；口鬃,,2012-11-26
543843,bearcat,熊貍；貄貓,,2020-03-09
543890,beaker,燒杯,,2012-11-26
543909,beak,喙,,2020-03-13
543914,beak eye,杯狀眼,,2012-11-26
543921,beagle; voyage of,小獵犬號航程,,2012-11-26
543943,beaded lizard,毒蜥,,2012-11-26
543944,beaded hair,念珠狀毛,,2012-11-26
543988,beaded,念珠狀,,2012-11-26
543995,B-DNA,B-去氧核糖核酸,,2012-11-26
544177,Bdellostoma ,蛭口鰻（屬）,,2012-11-26
544203,BDELLONEMERTINI,蛭紐目,,2012-11-26
544265,BDELLOIDEA,蛭形目,,2012-11-26
544275,Bctrocera tryoni  (Froggatt),昆士蘭果實蠅,,2012-11-26
544283,B-complex vitamins,綜合維生素B,,2012-11-26
544322,battledore placenta,球拍胎盤,,2012-11-26
544450,bat,蝙蝠,,2012-11-26
544478,Batrachosuchus ,蟾蜥（屬）,,2012-11-26
544483,BATRACHOSAURIA,蟾蜥首目,,2012-11-26
544488,Batrachomorphoidea,蟾形類,,2012-11-26
544582,BATRACHOIDIFORMES,蟾魚目,,2012-11-26
544583,BATRACHOIDIDAE,蟾魚科,,2012-11-26
544584,BATRACHOIDEA,蟾魚目,,2012-11-26
544650,BATRACHIA,兩生類,,2012-11-26
544808,Batrachedra arenosella  Walker,淡尖細蛾,,2012-11-26
544809,BATOMORPHA,鰩首目,,2012-11-26
544932,BATIDOIDIMORPHA,鰩形總目,,2012-11-26
545014,bathypelagic zone,深層遠洋帶；深海帶,,2012-11-26
545047,BATHYMASTERIDAE,索淵[魚尉]科；深海[魚尉]科,,2012-11-26
545070,BATHYLUPEIFORMES,深淵鯡目,,2012-11-26
545080,BATHYLUPEIDAE,深淵鯡科,,2012-11-26
545081,BATHYLAGIDAE,淵兔鮭科；深海鮭科,,2012-11-26
545099,Bathygobius fuscus ,黑鰕虎魚,,2012-11-26
545100,BATHYERGIDAE,濱鼠科,,2012-11-26
545110,BATHYDRACONIDAE,淵龍鰧科,,2012-11-26
545116,BATHYCLUPEIDAE,深海鯡科,,2012-11-26
545129,BATHYCLUPEIDA,深海鯡目,,2012-11-26
545158,Bathycallionymus kaianus ,開因深海【魚+銜】魚; 基島深水【魚+銜】,,2012-11-26
545173,Bathycallionymus formosanus ,台灣深海鼠【魚+銜】魚；台灣深水【魚+銜】,,2012-11-26
545205,Bathyaploactininae,淵絨鮋亞科,,2012-11-26
545206,bathyal zone,海底帶,,2012-11-26
545207,Bathopsoides,恐角獸,,2012-11-26
545218,batfishes,蝙蝠魚類,,2012-11-26
545244,Batesian mimicry,巴特森擬態；警戒擬態,,2012-11-26
545253,Batelli's gland; forth gland,沫腺,,2012-11-26
545271,BATAGURIDAE,河龜科；淡水龜科,,2012-11-26
545288,Batagur baska ,巴達庫爾龜,,2012-11-26
545303,bastard wing,小翼羽,,2020-03-11
545307,Basslets,小鱸類,,2012-11-26
545456,Bassaricyon gabbii ,南美節尾浣熊,,2012-11-26
545479,Bassaricyon ,南美節尾浣熊（屬）,,2012-11-26
545510,bass; largemouth,大口小鰭鱸,,2012-11-26
545511,bass,鱖；鱠；鱸,,2012-11-26
545533,basophil,嗜鹼的；嗜鹼細胞,,2012-11-26
545560,BASOMMATOPHORA,基眼目,,2012-11-26
545613,basking-shark,象鮫,,2012-11-26
545632,basket-stars,蔓星魚,,2012-11-26
545677,basiventrals; basiventralia,腹基片,,2012-11-26
545682,basitrabecular process,桁基突,,2012-11-26
545683,basitemporal,基顳骨,,2012-11-26
545717,basisternum,基腹片,,2012-11-26
545772,basisphenoid bone,基蝶骨,,2012-11-26
545811,basis,基底；底；台底,,2012-11-26
545988,basipterygoid process,基翼突,,2012-11-26
545989,basipterygium,鰭基軟骨,,2012-11-26
546511,basiprobosics,吻基；基喙,,2012-11-26
546512,basipodium (pl. -dia),肢基,,2012-11-26
548790,basipodite,基節,,2012-11-26
549585,basipharynx,基咽,,2012-11-26
549611,basipetalous,向基的,,2012-11-26
549618,basipalpus,鬚基節,,2012-11-26
550058,basioccipital bone,基枕骨,,2012-11-26
576894,Basilosaurus,械齒鯨,,2012-11-26
577197,Basiliscus vivitatus,褐雙冠蜥,,2020-03-11
577217,Basiliscus plumiforns,綠雙冠蜥,,2020-03-19
577232,basilingual plate,舌基軟骨板；舌基板,,2012-11-26
577233,basilar tubercle,基結,,2012-11-26
577321,basilar process,基突,,2012-11-26
577360,basilar plexus,腦底靜脈叢,,2012-11-26
577400,basilar plate,基板,,2012-11-26
577427,basilar papilla,基底乳突,,2012-11-26
577460,basilar membrane,基底膜,,2012-11-26
577476,basilar artery,腦底動脈,,2012-11-26
577547,basilar,基底的；腦底的,,2012-11-26
577596,basihyal; basihyoid,基舌骨,,2012-11-26
577732,basidorsals; basidorsalia,背基片,,2012-11-26
577745,basidiospore,擔孢子,,2012-11-26
577746,basidiocarp,擔子果或子實體,,2012-11-26
577754,basicranial fenestra,顱基窗,,2012-11-26
577769,basicranial axis,顱基軸,,2012-11-26
578050,basicranial,顱骨基底的,,2012-11-26
578061,basic research,基礎研究,,2012-11-26
578065,basic fuchsin,鹼性復紅,,2012-11-26
578076,basibranchial; copula communis,基鰓骨,,2012-11-26
578094,basi chromatin,性核染質,,2012-11-26
578111,basement membrane,基膜；底膜,,2012-11-26
578117,base pairing in DNA,DNA鹽基配對,,2012-11-26
578126,base pairing,鹼基配對,,2012-11-26
578153,base ost,遠軸支鰭骨,,2012-11-26
578257,base,鹼基,,2012-11-26
578263,bascionic sensilla,錐形感器,,2012-11-26
578337,Bascanichthys kirkii ,盲蛇鰻,,2012-11-26
578349,basapophysis,基突,,2012-11-26
578354,basalium (pl. -lia),鰭基骨；基鰭條,,2012-11-26
578372,basal suture,切離線,,2012-11-26
578541,basal stumps,基座,,2012-11-26
578559,basal process,基突；椎體突,,2012-11-26
578568,basal plate,基板,,2012-11-26
578575,basal pigment cell,基部色素細胞,,2012-11-26
578593,basal metabolism,基礎代謝作用,,2012-11-26
578599,basal metabolic rate; BMR,基礎代謝率,,2012-11-26
578615,basal line,基線,,2012-11-26
578647,basal granule,基粒,,2020-03-11
578666,basal fenestra,基窗,,2012-11-26
578676,basal disc,基盤,,2012-11-26
578690,basal decidua,底蛻膜,,2012-11-26
578969,basal cross-vein,基橫脈,,2012-11-26
578975,basal corpuscle,基底小體,,2012-11-26
579014,basal cerebral veins,腦底靜脈,,2012-11-26
579045,basal cell,基礎細胞；基室,,2012-11-26
579063,basal body,基粒,,2020-03-11
579205,basal angle,基角,,2012-11-26
579219,BARYTHERIOIDEA,笨獸亞目,,2012-11-26
579220,basal,基底的；基本的,,2012-11-26
579227,Barytheres,鈍獸類,,2012-11-26
579228,Bartholin's gland,大前庭腺；白托令氏腺,,2020-03-11
579233,barrier reef,堡礁,,2012-11-26
579536,barrier,障壁；壁障,,2012-11-26
579545,barrel-shaped larva,桶狀蚴；桶狀幼蟲,,2012-11-26
579552,Barreleyes,桶眼魚類,,2012-11-26
579558,barracuda,金梭魚,,2012-11-26
579559,Barracudinas,擬魣類,,2012-11-26
579572,Barr body,巴爾斯體,,2012-11-26
579583,baroreceptor,壓力受器,,2012-11-26
579589,Barn Swallow,家燕,,2012-11-26
579595,barnacle,茗荷介,,2012-11-26
579617,BARN OELS,草梟科,,2012-11-26
579658,barking,剝除樹皮,,2012-11-26
579677,bark beetle,小蠹蟲,,2012-11-26
579695,Baris deplanata  Roelofs,桑姬象鼻蟲,,2012-11-26
579721,bard,羽枝,,2012-11-26
579790,barbule,羽小肢；小羽枝,,2012-11-26
579830,BARBOURISIIDAE,刺鯨鯛科；鬚皮魚科,,2012-11-26
579856,Barbodes elongatus ,長棘【魚+八】；長身四鬚【魚+巴】,,2012-11-26
579886,barbituric acid,巴比妥酸；丙二醯縮脲,,2012-11-26
579939,barbiturates,巴比妥酸鹽,,2012-11-26
579959,barbiturase,巴比妥酸酶；丙二醯縮酶,,2012-11-26
579960,Barbinae,[魚巴]亞科,,2012-11-26
579976,barbicel,羽纖枝,,2012-11-26
579998,Barbet,五色鳥,,2012-11-26
580006,barbels,白魚類,,2012-11-26
580045,barbel,鬚；觸鬚,,2012-11-26
580260,Barbastella ,寬耳蝠（屬）,,2012-11-26
580550,barb,觸鬚；倒鉤,,2012-11-26
580551,BANJOSIDAE,扁棘鯛科,,2012-11-26
580552,Banjos banjos ,扁棘鯛,,2012-11-26
580562,Bandicota indica nemorivaga ,鬼鼠,,2012-11-26
580563,Bandicota indica ,大鬼鼠,,2012-11-26
580653,Bandicota ,鬼鼠（屬）,,2012-11-26
580732,bandicoot,袋狸,,2012-11-26
580737,bandfishes,帶形魚類,,2012-11-26
580749,banded yellow-lip sea snake,黃唇青斑海蛇,,2012-11-26
580754,banded water snake,赤腹遊蛇,,2012-11-26
580801,Banded Sea Snake; Laticauda colubrine ,黃唇青斑海蛇,,2012-11-26
580979,banded krait,手巾蛇,,2012-11-26
581151,Banded Gecko,橫紋鞘爪虎,,2020-03-13
581238,band keratopathy,帶狀角膜病變,,2012-11-26
581283,banana stem-borer weevil,蕉葉象鼻蟲,,2012-11-26
581335,banana corm-borer weevil,蕉根象鼻蟲,,2012-11-26
581338,Bambusicola thoracica ,竹雞,,2012-11-26
581359,bamboo snake,赤尾青竹絲；紅帶青竹絲,,2012-11-26
581393,Bamboo Partridge,竹雞,,2012-11-26
581430,ball-and-socket joint; euarthrosis,杵臼關節；球臼關節,,2012-11-26
581452,Ball Python,球蟒,,2020-03-11
581570,Balistoides viridescens ,胡麻皮剝魨；褐擬鱗魨,,2012-11-26
581596,Balistoides conspicillum ,花斑皮剝魨；花斑擬鱗魨,,2012-11-26
581697,BALISTIDAE,扳機魨科；威氏鱗魨,,2020-04-07
581704,Balistapus undulatus ,波紋皮剝魨；鉤鱗魨,,2012-11-26
581718,baleen,鯨鬚,,2012-11-26
581793,baldness,禿頂；禿髮；禿頭,,2012-11-26
581802,Bald Eagle,白頭海鵰,,2012-11-26
581809,Balanoglossus ,櫟實蟲；玉柱蟲（屬）,,2012-11-26
581850,balancer,平衡器；平衡棍,,2012-11-26
581927,balanced polymorphism,平衡多型,,2012-11-26
581989,balance of nature,自然平衡；自然界均衡,,2012-11-26
582109,Balaenoptera physalus ,長須鯨,,2012-11-26
582145,Balaenoptera edeni ,布氏鯨,,2012-11-26
582186,Balaenoptera borealis ,塞鯨,,2012-11-26
582195,Balaenoptera acutorostrata ,小鬚鯨,,2012-11-26
582212,BALAENIDAE,露脊鯨科,,2012-11-26
582229,bailer; scaphognathite,顎舟葉,,2012-11-26
582300,Baikal Teal,巴鴨,,2012-11-26
582501,Baikal oilfishes,貝加爾湖油魚類,,2012-11-26
582628,Bahyrousa babyrussa ,迷你豬,,2012-11-26
582636,bagworm,邂債蛾,,2012-11-26
582706,BAGRIDAE,黃顙魚科；鱨科,,2012-11-26
582786,bagging method,掛袋法,,2012-11-26
583203,badger,獾；貛,,2012-11-26
583273,baculum; os priapi,陰莖骨,,2012-11-26
583305,Bactrocera (Zeugodacus) cucurbitae  (Coquillett),瓜實蠅；瓜蠅,,2012-11-26
583347,Bactrocera zonata  (Saunders),桃果實蠅,,2012-11-26
583395,Bactrocera pyrifoliae  Drew et Hancock,梨果實蠅,,2012-11-26
583415,Bactrocera philippinensis  Drew et Hancock,菲律賓果實蠅,,2012-11-26
583420,Bactrocera papayae  Drew et Hancock,木瓜果實蠅,,2012-11-26
583467,Bactrocera minax  (Enderlein),柑橘大實蠅,,2012-11-26
583478,Bactrocera kandiensis  Drew et Hancock,斯里蘭卡果實蠅,,2012-11-26
583501,Bactrocera dorsalis  (Hendel),東方果實蠅,,2012-11-26
583523,Bactrocera correcta  (Bezzi),番石榴果實蠅,,2012-11-26
583555,Bactrocera caryeare  (Kapoor),印度果實蠅,,2012-11-26
583657,Bactrocera carambolae  Drew et Hancock,楊桃果實蠅,,2012-11-26
583709,bactrian camel,雙峰駱駝,,2012-11-26
583710,bacterium,細菌,,2012-11-26
583730,bacteriostatic action,制菌作用,,2012-11-26
583751,bacteriostatic,制菌的,,2012-11-26
583802,bacterioscope,細菌鏡檢法,,2012-11-26
583811,bacteriorstatic agent,制菌劑,,2012-11-26
583852,bacterioplankton,細菌浮游生物,,2012-11-26
583853,bacteriophage,噬菌體,,2012-11-26
583863,bacteriolysis,溶菌（作用）；細菌溶解,,2012-11-26
583864,bacteriolysin,溶菌素,,2012-11-26
583884,bacteriology,細菌學,,2012-11-26
583885,bacteriemia; bacteremia,菌血症,,2012-11-26
583890,bactericide,殺菌劑,,2012-11-26
583891,bactericidal serum,殺菌血清,,2012-11-26
583924,bacterial toxemia,細菌性毒血症,,2012-11-26
583932,bacterial septicemia,細菌性敗血症,,2012-11-26
583938,bacterial colony,菌落；細菌聚落,,2012-11-26
584036,bacterial,細菌性的,,2012-11-26
584208,background extinction,基礎毀滅性,,2012-11-26
584215,backcross,回交；反交；逆代交,,2012-11-26
584368,backbone,脊骨；脊柱,,2012-11-26
584389,back mutation,回復突變,,2020-03-09
584408,bacillus　(pl.-lli),桿狀菌,,2012-11-26
584421,bacillary dysentery,桿菌性痢疾,,2012-11-26
584444,bacillary disease,桿菌病,,2012-11-26
584517,bacillary,桿狀的；桿菌的,,2012-11-26
584518,bacillaemia,桿菌血症,,2012-11-26
584523,Babyrousa babyrussa ,鹿豬,,2012-11-26
584529,Babyrousa ,鹿豬（屬）,,2012-11-26
584535,baboon,狒狒,,2012-11-26
584555,Babinski's response,巴屏司基氏反應；刺激足底時;拇趾向背面翻屈;他趾行分開之反應,,2012-11-26
584652,B lymphocyte (B Cell),B淋巴細胞,,2012-11-26
584669,B,第一代；第二代...等,,2012-11-26
584724,azymia,缺乏,,2012-11-26
584815,azygous,不成對的；縱輸精（卵）管,,2012-11-26
584913,azygos vein,奇靜脈,,2012-11-26
584925,azygos appendage; unpaired appendage,奇肢,,2012-11-26
584998,azoospermia,無精子,,2012-11-26
584999,azoic era,無生代,,2012-11-26
585063,Azemiops feae,白頭蝰,,2020-03-09
585064,ayu fish,香魚,,2012-11-26
585280,Aythya marila ,鈴鴨,,2012-11-26
585287,Aythya fuligula ,澤鳧,,2012-11-26
587818,Aythya ferina ,磯雁,,2012-11-26
591879,aye-aye,指猴,,2012-11-26
612924,axostyle,軸桿,,2012-11-26
612992,axopods,軸足,,2012-11-26
613033,axopodium (pl. -dia),有軸偽足,,2012-11-26
613037,axoplasm,軸質,,2012-11-26
613070,axonost,鰭軸骨；棘間骨,,2020-03-11
613079,axoneme; axial filament,軸絲,,2012-11-26
613111,axon; axone,軸突；軸索,,2012-11-26
613124,axon reflex,軸索反射,,2012-11-26
613156,axon hillock,軸索丘,,2012-11-26
613183,axolotl {=Ambystoma mexicanum}, 墨西哥鈍口螈,,2020-12-18
613196,axis lentis; axis of lens,晶軸；晶狀體軸,,2012-11-26
613252,axis cylinder,軸索；軸柱,,2012-11-26
613299,axis,樞椎；軸；中軸；翅軸,,2012-11-26
613443,Axis axis ,斑鹿,,2012-11-26
613467,axioplasm,軸質,,2012-11-26
613546,axinost,鰭軸骨；棘間骨,,2020-03-11
613571,axillary vein,腋靜脈；腋脈,,2012-11-26
613576,axillary septum,腋隔,,2012-11-26
613633,axillary sclerate,腋片,,2012-11-26
613671,axillary plate,腋板,,2012-11-26
613701,axillary nerve,腋神經,,2012-11-26
613802,axillary muscle,腋肌,,2012-11-26
613841,axillary lymph sac,腋淋巴囊,,2012-11-26
613913,axillary lymph gland,腋淋巴腺；腋淋巴結,,2012-11-26
613958,axillary lobe,腋瓣；鱗狀瓣,,2012-11-26
614068,axillary cell,腋室,,2012-11-26
614069,axillary artery,腋動脈,,2012-11-26
614254,axillary area; anal area,腋域；翅後域,,2012-11-26
614277,axillary air sac,腋氣囊；腋下氣囊,,2012-11-26
614283,axillary,腋的；腋羽,,2012-11-26
614302,axilla,腋；腋窩；腋面突；翅板,,2012-11-26
614356,axilemma,軸鞘,,2012-11-26
614376,axial tube,軸管,,2012-11-26
614424,axial sinus,軸竇,,2012-11-26
614449,axial skeleton,中軸骨骼；軸骼,,2012-11-26
614458,axial process,軸突,,2012-11-26
614571,axial organ,軸器,,2012-11-26
614577,axial muscle,軸肌；中軸肌,,2012-11-26
614581,axial mesoderm; epimere,軸中胚層,,2012-11-26
614588,axial gradient,軸差梯度,,2012-11-26
614613,axial filament,軸絲,,2012-11-26
614618,axial fibril,軸原纖維,,2012-11-26
614804,axial cell,軸細胞,,2012-11-26
615003,axial,主軸的；中軸生物,,2012-11-26
615015,axenic culture,無機培養法,,2012-11-26
615028,axanthopsia,黃色盲,,2012-11-26
615234,Awaous ocellaris ,眼斑阿胡鰕虎魚；厚唇鯊,,2012-11-26
615300,Avogadro's number,亞佛加德羅數,,2012-11-26
615499,Avocet,反嘴鴴,,2012-11-26
615690,avitaminosis,維生素缺乏症,,2012-11-26
616234,avirilism,無性交能,,2012-11-26
616560,avicularium,鳥頭體；鳥嘴體,,2012-11-26
616693,AVES,鳥綱,,2012-11-26
616815,Avahi laniger ,毛狐猴,,2012-11-26
616855,auxotrophs,自營生物,,2012-11-26
616866,auxocyte,發育母細胞,,2012-11-26
616908,Auxis thazard ,扁花鰹,,2012-11-26
616915,Auxis rochei ,圓花鰹,,2012-11-26
616919,auxin,生長激素,,2012-11-26
617043,auximetameres neocranium,補節新顱,,2012-11-26
617197,autozooid,獨立個蟲,,2012-11-26
617245,autotrophic nutrition,自營營養；無機營養,,2012-11-26
617400,autotroph,自營生物；自養生物,,2012-11-26
617408,autotransplantation,自體移植,,2012-11-26
617418,autotomy,自割,,2012-11-26
617424,autotetraploid,同源四倍體,,2012-11-26
617431,autosynthesis,自身合成,,2012-11-26
617454,autostylic jaw suspension,自接型,,2012-11-26
617472,autosome,普通染色體；正染色體,,2012-11-26
617484,autosomal recessive inheritance,體染色體隱性遺傳,,2012-11-26
617490,autosomal dominant inheritance,體染色體顯性遺傳,,2012-11-26
617494,autoskeleton,內成骨骼,,2012-11-26
617501,autosensitibility,自發敏感性,,2012-11-26
617525,autoradiography,自動放射照相術,,2012-11-26
617526,autopsy,驗屍；屍體解剖,,2012-11-26
617531,autopolyploid,同源多倍型,,2012-11-26
617534,autopodium,肢梢；肢身,,2012-11-26
617541,autoplastic transplantation,自身形成移植,,2012-11-26
617551,autoplasmotherapy,自動血漿療法,,2012-11-26
617573,autophonomania,自殺狂,,2012-11-26
617584,autophagy,自體吞噬,,2012-11-26
617594,autophage,自身代謝；自體消化,,2012-11-26
617602,autopelagic palankton,表層性浮游生物,,2012-11-26
617614,autopalatine,自體顎；原顎骨,,2012-11-26
617616,autonomy,自律性,,2012-11-26
617622,autonomic neuropathy,自主（律）神經病變,,2012-11-26
617630,autonomic nervous system,自律神經系,,2012-11-26
617635,automorphosis,自動變態,,2012-11-26
617638,automixis; self fertilization,自體融合,,2012-11-26
617639,automaticity,自動,,2012-11-26
617644,automatic movement,自發運動,,2012-11-26
617648,autolysis,自溶；自體分解,,2012-11-26
617677,auto-intoxication,自體中毒；自發中毒,,2012-11-26
617686,auto-impregnation,自體受精；自體受孕,,2012-11-26
617724,auto-immunization,自發免疫法,,2012-11-26
617729,autoimmune thyroiditis,自體免疫甲狀腺炎,,2012-11-26
617753,autoimmune polyglandular syndrome,自體免疫多腺症候群,,2012-11-26
617765,autoimmune polyendocrine syndrome,自體免疫多內分泌症候群,,2012-11-26
617769,autoimmune disorder,自體免疫疾病,,2012-11-26
617773,autoimmune disease,自體免疫疾病,,2012-11-26
617778,autograft,自體移植,,2012-11-26
617786,autogensis; autogeny,自然發生；無機無親生殖,,2012-11-26
617787,autogenous,自生的,,2012-11-26
617798,autogamous,自體受精的,,2012-11-26
617812,autofecundation; autogamy,自體受精,,2012-11-26
617827,autoecious parasitism; autoecism,同主寄生,,2012-11-26
617844,autocrine secretion,自分泌,,2012-11-26
617853,autocorrelation,自相關,,2012-11-26
617861,autoclaving,高壓蒸氣滅菌法,,2012-11-26
617926,autoclave,高壓蒸氣滅菌器,,2012-11-26
617943,autocatalysis,自動觸媒,,2012-11-26
617952,autoantibody,自體抗體,,2012-11-26
618018,autecology; autoecology,個體生態學,,2012-11-26
618026,autecology,個體生物學,,2012-11-26
618031,autapomorphy,近裔自性；獨有裔徵,,2012-11-26
618043,autacoid,自泌物質,,2012-11-26
618048,austroriparian zone; lower austral zone,南岸生物區,,2012-11-26
618058,Australopithecus ,天南人猿（屬）；南方人猿（屬）,,2012-11-26
618080,Australian zone,澳洲區,,2012-11-26
618138,Australian realm,澳洲界,,2012-11-26
618142,Austrolethops wardi ,華氏軟塘鱧,,2012-11-26
618147,austral zone,南方生物帶,,2012-11-26
618251,auris,耳,,2012-11-26
618252,auscultation,聽診,,2012-11-26
618329,Aurion ,耳牛鰧（屬）；朱鰧（屬）,,2012-11-26
618332,auriculo-ventricular valve,耳室瓣,,2012-11-26
618370,auriculo-ventricular ring,耳室環,,2012-11-26
618406,auriculo-ventricular node,耳室結；耳室節,,2012-11-26
618522,auriculo-ventricular bundle,耳室束,,2012-11-26
618537,auriculo-ventricular aperture (or opening),耳室孔,,2012-11-26
618540,auriculo-temporal nerve,耳顳神經,,2012-11-26
618545,auriculo-palpebral nerve,耳瞼神經,,2012-11-26
618568,auricularis muscle,耳肌,,2012-11-26
618577,auricularia,耳狀蚴；短腕幼蟲,,2012-11-26
618693,auricular valve,耳瓣,,2012-11-26
618695,auricular lappet,耳狀瓣,,2012-11-26
618702,auricular finger,小指,,2012-11-26
618721,auricular cartilage,耳軟骨；耳殼軟骨；耳狀軟骨,,2012-11-26
618985,auricular artery,耳動脈；耳殼動脈,,2012-11-26
619109,auricular appendix,耳狀附件；副耳,,2012-11-26
619126,auricular,耳外羽；心房的；耳狀的；耳殼的,,2012-11-26
619150,auricula,心房；心耳；耳殼,,2012-11-26
619218,auricle; atrium,心耳；心房；耳狀突起；耳狀葉,,2012-11-26
619221,auricle,心房；耳廓,,2012-11-26
619231,Aurelia ,海月水母（屬）（俗）；金蛹,,2012-11-26
619234,aurate,有耳的,,2012-11-26
619240,Aulostomus chinensis ,中國管口魚,,2012-11-26
619242,AULOSTOMOIDEA,管口魚總科,,2012-11-26
619246,AULOSTOMIDAE,管口魚科,,2012-11-26
619266,AULORHYNCHIDAE,管吻刺魚科,,2012-11-26
619458,Aulopus japonicas ,日本仙女魚,,2012-11-26
619482,AULOPODIDAE,仙女魚科,,2012-11-26
619486,AULOPIFORMES,仙女魚目,,2012-11-26
619492,AULODONTA,管齒海膽目,,2012-11-26
619499,Aulacophora nigripennis  Motschulsky,黑守瓜,,2012-11-26
619508,Aulacophora femoralis  (Motschulsky); Aulacophora indica  (Gmelin),黃守瓜,,2012-11-26
619516,Aulacocephalus temmincki ,琉璃紫鱸,,2012-11-26
619525,Aulacaspis rosae  Bouche,薔薇白介殼蟲,,2012-11-26
619533,Aulacaspis mangiferae  Newstead,芒果白介殼蟲,,2012-11-26
619537,auk,海雀,,2012-11-26
619545,augmentor nerve; accelerator nerve,加速神經,,2012-11-26
619549,augmentation,附加作用,,2012-11-26
619559,auerbach's plexus; plexus mesentericus,腸肌神經叢,,2012-11-26
619568,auditory vesicle; auditory sac,聽泡,,2012-11-26
619574,auditory tube; eustachian tube,耳咽管,,2012-11-26
619591,auditory teeth,蝸齒,,2012-11-26
619603,auditory sac; auditory vesicle; otocyst,聽胞,,2012-11-26
619621,auditory placode,聽板,,2012-11-26
619629,auditory pit,聽窩,,2012-11-26
619640,auditory ossicle; otolith,聽骨；聽石,,2012-11-26
619653,auditory nerve; acoustic nerve,聽神經,,2012-11-26
619668,auditory meatus,耳道；聽道,,2012-11-26
619672,auditory cortex,聽覺皮質,,2012-11-26
619678,auditory capsule; otic capsule,耳軟骨囊,,2012-11-26
619692,auditory canal,聽管,,2012-11-26
619712,auditory; otic,聽覺（器）的,,2012-11-26
619721,audition,聽覺,,2012-11-26
619726,AUCHENORRHYNCHA,頸吻亞目,,2012-11-26
619730,AUCHENIPTERIDAE,頸鰭鮠科；頸瘤[魚尉]科,,2012-11-26
619742,ATYISIDAE,葡萄螺科,,2012-11-26
619748,attraction cone,索引突,,2012-11-26
619774,attractant,引誘劑,,2012-11-26
619788,attitudinal reaction,姿勢反應,,2012-11-26
619793,attenuated virus,減毒的病毒；減弱病毒,,2012-11-26
619803,attachment point,接合點,,2012-11-26
619829,attachment constriction,紡錘體緊縮節,,2012-11-26
619845,attachment chromosome,著絲染色粒,,2012-11-26
619848,attachment,附著的；接合的,,2012-11-26
619869,Atrosalarias fuscus holomelas ,全黑烏【魚+尉】,,2012-11-26
619873,Atropus atropos ,溝鰺,,2012-11-26
619875,atropine; atropina,阿托品；顛茄素,,2012-11-26
619878,ATROPIDAE,粉茶蛀科,,2012-11-26
619881,atrophia; atrophy,萎縮,,2012-11-26
619887,Atrophaeeura horishana ,曙鳳蝶,,2012-11-26
619893,atrochal larva; atrocha,無輪蚴；無輪蚴蟲,,2012-11-26
619908,Atrobucca nibe ,黑【魚+或】；黑姑魚,,2012-11-26
619913,atrium ventriculi,食管室,,2012-11-26
619919,atrium sinistrum,左心房,,2012-11-26
619922,atrium dextrum,右心房,,2012-11-26
619931,atrium cordis,心房,,2012-11-26
619965,atrium,心耳；心房；圍鰓腔,,2012-11-26
619971,atrioventricular value,耳室瓣；房室瓣,,2012-11-26
619981,atrioventricular node (A. V. node),耳室結,,2012-11-26
619995,atrioventricular bundle,耳室纖維束,,2012-11-26
620007,atrioventricular,心耳（房）心室間的；耳室的；房室的,,2012-11-26
620022,atriopore,圍鰓腔孔,,2012-11-26
620026,ATRICHORNITHIDAE,叢鳥科,,2012-11-26
620040,atrial systol period,心房縮期,,2012-11-26
620043,atrial siphon,圍鰓腔吸管,,2012-11-26
620045,atrial oriface,氣門室口,,2012-11-26
620065,atrial natriuretic peptide,心房利鈉肽,,2012-11-26
620086,atrial natriuretic hormone (ANH),心房利鈉激素,,2012-11-26
620107,atrial lymph gland,心耳淋巴腺,,2012-11-26
620114,atrial invagination,圍鰓腔內陷,,2012-11-26
620191,atrial cavity,圍鰓腔,,2012-11-26
620264,atrial aperture,圍鰓腔孔,,2012-11-26
620270,atrial,心房（耳）的；圍鰓腔的,,2012-11-26
620274,atretic follicle,廢泡；夭折卵泡；閉鎖卵泡,,2012-11-26
620276,atresia iridis,虹膜閉鎖,,2012-11-26
620282,atresia; atresy,閉塞；閉鎖；無孔,,2012-11-26
620284,ATREMATA,無孔目,,2012-11-26
620293,ATP-ase; mitochondrial,粒線體的ATP酶,,2012-11-26
620302,ATPase system,三磷腺苷酶系；ATPA酶系,,2012-11-26
620318,ATP-ADP translocase,ATP-ADP移位酶,,2012-11-26
620323,ATP synthetase,ATP合成酶,,2012-11-26
620328,atonia,鬆弛,,2012-11-26
620335,atomizer,噴霧器,,2012-11-26
620340,Atomaster ,原索齒鯉（屬）,,2012-11-26
620342,atoll,環礁,,2012-11-26
620354,atoko,不育體部,,2012-11-26
620365,atmospheric pressure,大氣壓,,2012-11-26
620367,atmosphere,圈；大氣,,2012-11-26
620371,atlatean centrum,寰椎體,,2012-11-26
620376,atlas,寰椎,,2012-11-26
620432,atlanto-occipital articulation,寰枕關節,,2012-11-26
620453,atlanto-occipital,寰枕關節,,2012-11-26
620455,atlanto-axial articulation,寰樞關節,,2012-11-26
620461,atlantal lymph gland,寰椎淋巴結,,2012-11-26
620466,atlantal ligament,寰椎韌帶,,2012-11-26
620473,atlantal foramen,寰椎孔,,2012-11-26
620475,atlantal bursa,寰椎囊,,2012-11-26
620477,atlantal,屬於寰椎的,,2012-11-26
620482,athyrotic cretinism,無甲狀腺呆小症,,2012-11-26
620485,athyreosis,無甲狀腺症,,2012-11-26
620487,athlete's foot,香港腳,,2012-11-26
620490,Atherurus africanus ,叢尾豪豬,,2012-11-26
620497,Atherurus ,叢尾豪豬（屬）,,2012-11-26
620499,atherosclerosis,動脈粥樣硬化,,2012-11-26
620503,atheroma,動脈粥樣腫,,2012-11-26
620505,Atherion elymus ,麥銀漢魚,,2012-11-26
620508,Atherinomorus lacunosus ,南洋銀漢魚,,2012-11-26
620514,ATHERINOIDEA,銀漢魚總科,,2012-11-26
620515,ATHERINIFORMES,銀漢魚目,,2012-11-26
620516,ATHERINIDAE,銀漢魚科,,2012-11-26
620526,ATHERICERA,苞角類,,2012-11-26
620528,atheosis,手足徐動症,,2012-11-26
620532,ATHECATA,無鞘亞目,,2012-11-26
620534,ATHECA,革龜亞目,,2012-11-26
620549,Ateuchosaurus chinensis,中國光蜥,,2020-03-09
620592,ateria vertabralis,椎動脈,,2012-11-26
620594,Atelopus varius zeteki ,巴拿馬金蛙,,2012-11-26
620598,ATELOPOPIDAE,無頭蟾科,,2012-11-26
620602,Atelomycterus marmuratus ,斑貓鮫,,2012-11-26
620605,Ateles geoffroyi panamensis ,巴拿馬蜘蛛猴,,2012-11-26
620611,Ateles geoffroyi frontatus ,黑額蜘蛛猴,,2012-11-26
620615,ateleosis,發育不全,,2012-11-26
620627,Ateleopus japonicus ,日本軟腕魚,,2012-11-26
620636,ATELEOPODOIDEI,辮魚亞目,,2012-11-26
620640,ATELEOPODIDAE,辮魚科,,2012-11-26
620643,ATELEOPIFORMES,辮魚目,,2012-11-26
620646,Ateleopids,深海辮魚類,,2012-11-26
620657,ATELEOPIDA; ATELEOPII,【魚+虎】鰤目；軟腕目,,2012-11-26
620659,atelectasis (lung),肺擴張不全,,2012-11-26
620663,ataxia; ataxy,運動失調,,2012-11-26
620666,atavism,返祖；重演,,2012-11-26
620673,asynchronous impulse volley,連串（神經）興奮,,2012-11-26
620676,asynchronous development,異時發育,,2012-11-26
620700,asynchronous cleavage,異時卵裂,,2012-11-26
620758,asynchronous,非同時的,,2012-11-26
620761,asynapsis,不聯會（染色體）,,2012-11-26
620766,asymmetry,不對稱,,2012-11-26
620786,Asymmetron lucayanum ,魯卡側殖文昌魚,,2012-11-26
620793,asymmetric; asymmetrical,不對稱的,,2012-11-26
620824,astysia,陽萎,,2012-11-26
620849,Astrotia stokessi ,大頭海蛇,,2012-11-26
620855,ASTRONESTHIDAE,食星魚科；星衫魚科,,2012-11-26
620860,Astronesthes lucifer ,蜥形裸鰯；螢光星衫魚；島星衫魚,,2012-11-26
620870,Astronesthes chrysophekadion ,金食星魚,,2012-11-26
620878,astrocyte,星狀（神經膠）細胞,,2012-11-26
620882,ASTROCOENIIDAE,星珊瑚科,,2012-11-26
620885,astroblastoma,星芽細胞瘤,,2012-11-26
620894,astringent,收斂劑,,2012-11-26
620961,Astrapotherium ,電獸（屬）,,2012-11-26
621039,ASTRAPOTHERIA,電獸目,,2012-11-26
621140,astral ray,星絲,,2012-11-26
621203,astragalus; ankl bone,踝骨；距骨,,2012-11-26
621290,ASTOMATA,花口亞目,,2012-11-26
621293,astigmatism,散光,,2012-11-26
621296,asthma,氣喘,,2012-11-26
621300,asthenobiosis,生活停頓,,2012-11-26
621302,asthenia,衰弱；無力,,2012-11-26
621305,Asterropteryx spinosus ,棘星塘鱧,,2012-11-26
621328,Asterropteryx semipunctatus ,星塘鱧,,2012-11-26
621350,ASTEROZOA,星形亞門,,2012-11-26
621369,ASTEROSTHIDAE,星衫魚科,,2012-11-26
621385,asterospondylous vertebra,星狀椎骨,,2012-11-26
621423,Asterorhombus intermedius ,間星羊舌鮃,,2012-11-26
621450,Asterorhombus fijiensis ,菲吉角鮃,,2012-11-26
621494,ASTEROLEPIDAE,視星鯰科；星鱗魚科,,2012-11-26
621504,ASTEROIDEA,海星綱,,2012-11-26
621506,ASTEROAPICULARIIDAE,星狀軟珊瑚科,,2012-11-26
621517,asternal rib,浮肋,,2012-11-26
621521,asternal artery,肌隔動脈,,2012-11-26
621527,asternal,不連於胸骨的；屬於浮肋的,,2012-11-26
621533,asteriscus,星砂；星狀石,,2012-11-26
621544,asterion fontanelle,星狀窪；星形窗,,2012-11-26
621549,asteriform,星狀；星狀體,,2012-11-26
621552,Asterias ,海星（屬）,,2012-11-26
621555,aster,星狀體；星體,,2012-11-26
621563,Astegopteryx bambusifoliae  (Takahashi),麻竹葉扁蚜,,2012-11-26
621570,astaxanthin,還原蝦紅素,,2012-11-26
621576,astasia; astaxia,起立不能,,2012-11-26
621581,ASTARTIDAE,星形蛤科,,2012-11-26
621584,astacin,蝦紅素,,2012-11-26
621591,assortive mating; assortative mating,同型交配；選擇性交配,,2012-11-26
621600,associes,不安定群集,,2012-11-26
621626,associative neuron,聯絡神經元,,2012-11-26
621645,associative,聯絡的,,2012-11-26
621650,association cortex,聯合皮質,,2012-11-26
621651,association nerve cell,聯絡神經細胞,,2012-11-26
621659,association,群集；群落；聯合,,2012-11-26
621663,assimilation,同化作用,,2012-11-26
621670,Assessor randalli ,蘭道氏七夕魚,,2012-11-26
621672,assembling,雌雄集合,,2012-11-26
621676,assemblage,類聚,,2012-11-26
621684,Assay validity,測定可靠性,,2012-11-26
621688,assay,測定,,2012-11-26
621707,Assam Green Trinket Snake; Elaphe frenata ,灰腹綠錦蛇,,2012-11-26
621713,ASPREDINIDAE,蝌蚪鯰科,,2012-11-26
621724,aspirin,阿斯匹靈；乙醯水楊酸,,2012-11-26
621728,ASPIDORHYNCHIFORMES; ASPIDORHYNCHOIDEA,劍鼻目,,2012-11-26
621735,ASPIDORHYNCHIDAE,針吻魚科,,2012-11-26
621759,Aspidontus taeniatus ,細盾齒【魚+尉】；三帶盾齒【魚+尉】,,2012-11-26
621764,ASPIDOCOTYLEA,楯吸目,,2012-11-26
621767,ASPIDOCHIROTA,楯手目,,2012-11-26
621782,ASPIDOBRANCHIA,楯鰓目,,2012-11-26
621785,ASPIDOBOTHRIA,楯吸目,,2012-11-26
621792,Aspidiotus destructor  Signoret,淡圓介殼蟲,,2012-11-26
621805,Aspidionus perniciosus  Comstock,梨圓介殼蟲,,2020-03-11
621808,asphyxia,窒息,,2012-11-26
621835,aspermia,無精子症,,2012-11-26
621855,aspergillosis,麴菌病,,2012-11-26
621858,aspection,生物季相；季相變遷,,2012-11-26
621862,aspect ratio,魚尾鰭之深比例,,2012-11-26
621875,aspect,季相；方向；方位,,2012-11-26
621923,Aspasma minima ,小喉盤魚；小姥魚,,2012-11-26
621931,aspartic acid,天門冬酸,,2012-11-26
621933,aspartase,天門冬酸酶,,2012-11-26
622143,asparagine,天門冬素,,2012-11-26
622145,asparaginase,天門冬素酶,,2012-11-26
622230,Askanazy cell,艾思肯納齊細胞,,2012-11-26
622246,ASILIDAE,食蟲虻科,,2012-11-26
622247,Asio flammeus ,短耳鴞,,2012-11-26
622263,Asiatic White-belly Water Snake; Sinonatrix percarinata ,白腹游蛇,,2012-11-26
622267,Asiatic Water Shrew,亞洲水鼠；亞洲水尖鼠,,2012-11-26
622287,Asiatic Painted Frog,亞洲錦蛙,,2020-03-11
622493,Asiatic Many-toothed Snake; Sibynophis chinensis chinensis ,黑頭蛇,,2012-11-26
622605,Asiatic black bear,亞洲黑熊,,2012-11-26
622721,Asiatic Banded Water Snake; Sinonatrix annularis ,赤腹游蛇,,2012-11-26
622995,Asian Yellow Pond Turtle,材棺龜,,2020-03-09
623121,Asian Tiger Keelback,台灣赤煉蛇,,2020-03-11
623209,Asian House Gecko,亞洲家壁虎,,2020-03-09
623216,Asian Giant Softshell Turtle,黿,,2020-03-11
623225,Asia Coral Snake,環紋赤蛇,,2020-03-11
623246,asexual spore formation,無性孢子形成,,2012-11-26
623272,asexual reproduction,無性生殖,,2012-11-26
623283,asexual generation,無性世代,,2012-11-26
623286,asexual,無性的,,2012-11-26
623317,Aseraggodes melanospilus ,黑斑圓鱗鰨沙,,2012-11-26
623457,Aseraggodes kobensis ,可勃櫛鱗鰨沙,,2012-11-26
623476,Aseraggodes kaianus ,卡印櫛鱗鰨沙；開因櫛鱗鰨沙,,2012-11-26
623489,aseptic surgery,無菌外科手術,,2012-11-26
623499,aseptic suppuration,無菌性化膿,,2012-11-26
623543,aseptic condition,無菌狀態,,2012-11-26
623665,aseptic,無菌的；滅菌的,,2012-11-26
623702,asepsis,防腐法；消毒法；滅菌法,,2012-11-26
623722,Ascotis selenaria  (Denis et Schiffermuller),瘤尺蠖,,2012-11-26
623864,ASCOTHORACICA,囊胸目,,2012-11-26
623878,ascorbic acid; vitamin C,維生素C；抗壞血酸,,2012-11-26
623880,asconoid type,單溝型,,2012-11-26
623882,ascites,腹水,,2012-11-26
623886,ascidians,海鞘,,2012-11-26
623897,ASCIDIACEA,海鞘綱,,2012-11-26
623903,ASCHELMINTHES,袋形動物,,2012-11-26
623904,ascending pharyngeal artery,升咽動脈,,2012-11-26
623910,ascending limb (henle's loop),升枝,,2012-11-26
623915,ascending intestine,前迴腸,,2012-11-26
623919,ascending frontal bristle,上額鬃,,2012-11-26
623923,ascending colon,升結腸,,2012-11-26
623928,ascending cervical artery,升頜動脈,,2012-11-26
623932,ascending cerebral vein,上行大腦靜脈,,2012-11-26
623934,ascending,上行的,,2012-11-26
623936,ASCAROIDEA,蛔蟲目,,2012-11-26
623940,ascariasis,蛔蟲病,,2012-11-26
623941,Ascaris ,蛔蟲（屬）,,2012-11-26
623947,Ascaphus ,鈴蟾（屬）,,2012-11-26
623950,Ascaphids,鈴蟾類,,2012-11-26
623954,ASCAPHIDAE,美西鈴蟾科,,2012-11-26
623959,ASCALAPHIDAE,長角蜻蛉科,,2012-11-26
623963,ASCALABOTA,守宮類,,2012-11-26
623966,asbestosis,石綿沉著病,,2012-11-26
623971,ASAROTIFORMES,阿薩羅魚目,,2012-11-26
623978,arytenoid cartilage,飄狀軟骨；杓狀軟骨；披裂軟骨,,2012-11-26
623984,aryepiglottic fold; arytenoepiglottic fold; plica aryepiglottica; aryteno-epiglottic fold,飄會褶；杓狀會厭皺襞,,2012-11-26
623989,ARXENIIDAE,蝙蝠蠼螋科,,2012-11-26
623997,ARTIODACTYLA,偶蹄目,,2012-11-26
624001,artificial swarm,人為分房,,2012-11-26
624003,artificial selection,人擇；人為淘汰,,2012-11-26
624011,artificial reefs,人工魚礁,,2012-11-26
624013,artificial pancreas,人工胰臟,,2012-11-26
624019,artificial insemination,人工授精,,2012-11-26
624025,artificial immunity,人工免疫,,2012-11-26
624064,artificial fertilization,人工受精,,2012-11-26
624078,artificial crossing,人工交配,,2012-11-26
624081,artificial classification,人為分類,,2012-11-26
624083,artificial,人為的；人工的,,2012-11-26
624086,artifact,人為構造,,2012-11-26
624154,articulation; joint; articulatio; articulus,關節；節（植）,,2012-11-26
624158,ARTICULATA,關節動物；有鉸綱,,2012-11-26
624169,articular tubercle,關節結,,2012-11-26
624183,articular surface,關節面,,2012-11-26
624255,articular sclerate,關節片,,2012-11-26
624496,articular pan,關節窩,,2012-11-26
624499,articular membrane,關節膜,,2012-11-26
624511,articular facet,關節小面,,2012-11-26
624560,articular crescent,關節盤,,2012-11-26
624629,articular capsule,關節囊,,2012-11-26
624645,articular area,翅基部,,2012-11-26
624647,articular,關節的,,2012-11-26
624651,Artibeus jamaicensis ,牙買加菓蝠,,2012-11-26
624670,Artibeus ,新熱帶菓蝠（屬）,,2012-11-26
624719,artial chamber,圍鰓腔,,2012-11-26
624722,arthrosis,關節；關節病,,2012-11-26
624725,arthrorheumatism,關節風濕症,,2012-11-26
624733,Arthropods,節肢動物類,,2012-11-26
624799,ARTHROPODA,節肢動物門,,2012-11-26
624803,arthropleure,側板,,2012-11-26
624812,arthroneuralgia,關節神經痛,,2012-11-26
624931,arthrology,關節學,,2012-11-26
624935,ARTHRODIRIFORMES,節甲魚目,,2012-11-26
624952,arthrodia,滑動關節；摩動關節,,2012-11-26
624955,arthritis,關節炎,,2012-11-26
624957,artery,動脈,,2012-11-26
624963,ARTERODIRA,節頸目,,2012-11-26
624969,arteritis,動脈炎,,2012-11-26
685364,arterio-venous anastomosis,動靜脈吻合,,2012-11-26
685365,arteriostenosis,動脈狹窄,,2012-11-26
685366,arteriolosclerosis,動脈硬化（症）,,2012-11-26
685367,arterioles,小動脈；細動脈,,2012-11-26
685368,arterioblastoma,動脈胚細胞瘤,,2012-11-26
685369,arterial pulse,動脈搏,,2012-11-26
685370,arterial pressure,動脈血壓,,2012-11-26
685371,arterial hypertension,動脈性高血壓,,2012-11-26
685372,arterial hyperemia,動脈性充血,,2012-11-26
685373,arterial,動脈的,,2012-11-26
685374,arteria (pl. -riae),動脈,,2012-11-26
685375,arterenol; noradrenaline,正腎上腺素,,2012-11-26
685376,artenkreis,首種；種群,,2012-11-26
685377,Artemia ,豐年蝦（屬）,,2012-11-26
685378,ARTAMIDAE,燕鵙科,,2012-11-26
685379,Arsinoitherium ,兩角獸（屬）,,2012-11-26
685380,arsenate of lime; calcium arsenate,砒酸鈣,,2012-11-26
685381,arsenate of lead,砒酸鉛,,2012-11-26
685382,arrow worm,箭蟲；矢蟲,,2012-11-26
685383,ARRIPIDAE,澳鮭鱸科,,2012-11-26
685384,ARRIOMMATIDAE,無齒鯧科,,2012-11-26
685385,ARRIIDAE,海鯰科,,2012-11-26
685386,arrhenotoky,產雄單性生殖,,2012-11-26
685387,arrhenoblastoma,卵巢男胚瘤；男胚瘤,,2012-11-26
685388,Arrhamphus ,星鱵（屬）,,2012-11-26
685389,arrectors pilorum muscle,立毛肌,,2012-11-26
685390,Arothron reticularis ,網紋尖鼻魨,,2012-11-26
685391,aromatase,芳香酶,,2012-11-26
685392,arolium,爪間體；中墊,,2012-11-26
685393,armorheads,長臀鮠類,,2012-11-26
685394,horseshoe bat,蹄鼻蝠,,2012-11-26
685395,Armigatus ,武士鯡（屬）,,2012-11-26
685396,armadillo,犰狳,,2012-11-26
685397,arm span,臂距,,2012-11-26
685398,arm,腕；臂,,2012-11-26
685399,Arius thalassinus ,泰來海鯰；大海鯰,,2012-11-26
685400,Arius maculatus ,斑海鯰,,2012-11-26
685401,Aristotle's lantern,海膽口器；亞氏提燈,,2012-11-26
685402,Aristotle,亞里斯多德,,2012-11-26
685403,aristopedia,芒足,,2012-11-26
685404,aristogenesis,適應突變說,,2012-11-26
685405,Aristichthys nobilis ,黑鰱；鱅,,2012-11-26
685406,arista,觸角芒,,2012-11-26
685407,ariline dye,苯胺染料,,2012-11-26
685408,ARIIDAE,海鯰科,,2012-11-26
685409,ARHYNCHOBDELLIA,無吻目,,2012-11-26
685410,Argyrosomus pawak ,白【魚+或】; 斑鰭白姑魚,,2012-11-26
685411,Argyrosomus japonicus ,日本銀身【魚+或】,,2012-11-26
685412,Argyrosomus argentatus ,日本白口；白姑魚,,2012-11-26
685413,Argyrops bleekeri ,布氏常鰭鯛；小長棘鯛,,2012-11-26
685414,Argyroploce schistaceana  Snellen; Tetramoera schistaceana  (Snellen); Eucosoma schistaceana  Snellen,黃螟,,2012-11-26
685415,argyrophilia,嗜銀性,,2012-11-26
685416,Argyropelecus aculeatus ,銀斧狗母；棘銀斧魚,,2012-11-26
685417,argyria,銀質沉著,,2012-11-26
685418,Argusianus argus ,大眼斑雉,,2012-11-26
685419,ARGONAUTOIDEA,船蛸超科,,2012-11-26
685420,ARGONAUTIDAE,船蛸科,,2012-11-26
685421,argon,氬,,2012-11-26
685422,argiope; orb-spider,球蛛,,2012-11-26
685423,arginine vasopressin,精胺酸增壓素,,2012-11-26
685424,arginine,精胺酸,,2012-11-26
685425,arginase,精胺酸酶,,2012-11-26
685427,ARGIDAE,懶鯰科,,2012-11-26
685428,ARGENTINIDAE,水珍魚科,,2012-11-26
685429,Argentina kagoshimae ,鹿兒島水珍魚,,2012-11-26
685430,areolar tissue,網狀組織；蜂窩組織,,2012-11-26
685431,arenicolous,砂棲的,,2012-11-26
685432,Arenaria interpres ,翻石鷸,,2012-11-26
685433,areale,副室；瘤輪,,2012-11-26
685434,Araecerus fasciculatus  (De-Geer),長角象鼻蟲；棉長鬚象蟲,,2012-11-26
685435,area vitellina,卵黃區,,2012-11-26
685436,area vestibularis superior,前庭上區,,2012-11-26
685437,area vestibularis inferior,前庭下區,,2012-11-26
685438,area vesculosae,血管區,,2012-11-26
685439,area radicularis ventralis,腹根線區,,2012-11-26
685440,area pellucida,明區,,2012-11-26
685441,area opaca,暗區,,2012-11-26
685442,area,區；面,,2012-11-26
685443,Ardeotis nigriceps choriotis ,大印度鴇,,2012-11-26
685444,ARDEIDAE,鷺科,,2012-11-26
685445,Ardea cinerea ,蒼鷺,,2012-11-26
685446,Ardea alba ,大白鷺,,2012-11-26
685447,arcus,弧；弓,,2012-11-26
685448,arcuate fiber,弧纖維,,2012-11-26
685449,arcuate artery,弧動脈,,2012-11-26
685450,arcuate,弧狀的,,2012-11-26
685451,arcualia,弧原；弧片,,2012-11-26
685452,arctogaea; arctogaeic realm,北界,,2012-11-26
685453,Arctiinae,燈蛾亞科,,2012-11-26
685454,ARCTIIDAE,燈蛾科,,2012-11-26
685455,Arctictis binturong ,貄貓,,2012-11-26
685456,Arctictis ,貄貓（屬）,,2012-11-26
685457,ARCTICOIDEA,北極蛤超科,,2012-11-26
685458,arctic; animals of,北極地方動物,,2012-11-26
685459,arctic tundra,蘚苔濕原；北極凍原,,2012-11-26
685460,arctic realm,北極區,,2012-11-26
685461,arctic apline zone,北極高山帶,,2012-11-26
685462,arctic,北極的,,2012-11-26
685463,ARCOIDEA,魁蛤超科,,2012-11-26
685464,ARCOIDA,魁蛤目,,2012-11-26
685465,ARCITIIDAE,燈蛾科,,2012-11-26
685466,Arcinae,魁蛤亞科,,2012-11-26
685467,arciform ligament,弧形韌帶,,2012-11-26
685468,ARCIFERA,擔弓類,,2012-11-26
685469,ARCIDAE,魁蛤科,,2012-11-26
685470,Archosaurs,古龍類,,2012-11-26
685471,ARCHOSAURIA,古龍亞綱,,2012-11-26
685472,ARCHITECTONICOIDEA,車輪螺超科,,2012-11-26
685473,ARCHITECTONICOIDAE,車輪螺科,,2012-11-26
685474,archistriatum,舊紋體,,2012-11-26
685475,archisternum,原胸骨,,2012-11-26
685476,archipterygium,原鰭,,2012-11-26
685477,archipallium,原腦皮層；舊腦皮,,2012-11-26
685478,archiostoma; blastopore,原口；胚孔,,2012-11-26
685479,archinephros; archnephridium,原腎,,2012-11-26
685480,archinephric duct,原腎輸管；原腎管,,2012-11-26
685481,archigenesis; abiogenesis; archigony,無生源說；天然發生說,,2012-11-26
685482,archicortex,原皮層,,2012-11-26
685483,archicerebrum,原腦,,2012-11-26
685484,archicephalon,原頭,,2012-11-26
685485,archiblastula,原囊胚,,2012-11-26
685486,archiblast; ovoplasm; archibenthos,卵質,,2012-11-26
685487,archibenthic zone; archibenthos,上層深海底帶,,2012-11-26
685488,ARCHIANNELIDA,原環蟲目,,2012-11-26
685489,ARCHIACANTHOCEPHALA,原鉤頭蟲目,,2012-11-26
685490,archetype,原始型,,2020-03-11
